0 0 4 1 5 3 7 0 6 2
1 1 4 0 5 3 7 1 6 2
4 1 0 4 5 3 7 1 6 2
1 2 1 4 5 3 7 0 6 2
7 1 1 4 5 3 0 7 6 2
2 3 1 4 5 3 2 7 6 0
5 2 1 4 0 3 2 7 6 5
3 1 1 4 3 0 2 7 6 5
6 2 1 4 3 6 2 7 0 5
7 1 1 4 3 6 2 0 7 5
2 1 1 4 3 6 0 2 7 5
5 3 1 4 3 6 5 2 7 0
6 1 1 4 3 0 5 2 7 6
7 2 1 4 3 7 5 2 0 6
6 1 1 4 3 7 5 2 6 0
5 3 1 4 3 7 0 2 6 5
2 1 1 4 3 7 2 0 6 5
4 1 1 0 3 7 2 4 6 5
3 1 1 3 0 7 2 4 6 5
7 1 1 3 7 0 2 4 6 5
5 1 1 3 7 5 2 4 6 0
7 2 1 3 0 5 2 4 6 7
5 1 1 3 5 0 2 4 6 7
7 1 1 3 5 7 2 4 6 0
34 0.11551403999328613