0 0 0 3 0 4 1 7 6 5 2
14 1 13 3 6 4 1 7 0 5 2
14 1 13 3 4 0 1 7 6 5 2
10 2 8 3 4 5 1 7 6 0 2
10 3 7 3 4 5 1 7 6 2 0
12 3 9 3 4 5 1 7 0 6 2
14 2 12 3 6 4 1 7 5 0 2
14 2 12 3 4 1 0 7 6 5 2
10 3 7 3 4 1 2 7 6 5 0
11 4 7 3 4 1 5 7 6 0 2
11 5 6 3 4 1 5 7 6 2 0
12 4 8 3 4 1 2 7 6 0 5
13 5 8 3 4 1 5 7 0 6 2
14 4 10 3 0 5 1 7 4 6 2
14 4 10 3 4 5 1 0 7 6 2
14 3 11 3 6 4 1 7 5 2 0
14 6 8 3 4 1 2 0 6 5 7
14 5 9 3 4 1 2 7 0 6 5
14 5 9 3 5 0 1 7 4 6 2
14 7 7 3 4 5 1 2 7 6 0
14 7 7 3 4 1 2 6 0 5 7
14 6 8 3 5 6 1 7 4 0 2
14 6 8 3 5 1 0 7 4 6 2
10 7 3 3 5 1 2 7 4 6 0
12 8 4 3 5 1 2 7 4 0 6
14 8 6 3 4 1 2 6 5 0 7
14 7 7 3 5 6 1 7 4 2 0
14 9 5 3 5 1 2 7 0 4 6
14 9 5 3 4 1 2 6 5 7 0
15 4 11 3 4 1 7 0 6 5 2
15 6 9 3 0 1 5 7 4 6 2
15 6 9 3 4 1 5 0 7 6 2
15 8 7 3 5 1 7 0 4 6 2
13 11 2 3 5 1 7 2 4 6 0
15 8 7 3 5 1 6 7 4 0 2
15 5 10 3 4 1 7 6 0 5 2
15 7 8 3 4 1 7 2 6 5 0
15 7 8 3 1 0 5 7 4 6 2
15 9 6 3 4 1 5 2 7 6 0
15 9 6 3 5 1 7 4 0 6 2
15 12 3 3 5 1 7 2 4 0 6
15 9 6 3 5 1 6 7 4 2 0
15 6 9 3 4 1 7 6 5 0 2
15 8 7 3 1 6 5 7 4 0 2
15 8 7 3 1 5 0 7 4 6 2
11 9 2 3 1 5 2 7 4 6 0
13 10 3 3 1 5 2 7 4 0 6
15 10 5 3 5 1 7 4 6 0 2
15 7 8 3 4 1 7 6 5 2 0
15 9 6 3 1 6 5 7 4 2 0
15 11 4 3 1 5 2 7 0 4 6
15 11 4 3 5 1 7 4 6 2 0
16 1 15 0 3 4 1 7 6 5 2
9 3 6 2 3 4 1 7 6 5 0
11 4 7 2 3 4 1 7 6 0 5
13 6 7 2 3 4 1 0 6 5 7
13 5 8 2 3 4 1 7 0 6 5
13 7 6 2 3 4 1 6 0 5 7
13 8 5 2 3 4 1 6 5 0 7
13 9 4 2 3 4 1 6 5 7 0
14 2 12 7 3 4 1 0 6 5 2
14 4 10 1 3 4 0 7 6 5 2
10 5 5 1 3 4 2 7 6 5 0
11 6 5 1 3 4 5 7 6 0 2
11 7 4 1 3 4 5 7 6 2 0
12 6 6 1 3 4 2 7 6 0 5
13 7 6 1 3 4 5 7 0 6 2
14 3 11 7 3 4 1 6 0 5 2
14 5 9 7 3 4 1 2 6 5 0
14 8 6 1 3 4 2 0 6 5 7
14 7 7 1 3 4 2 7 0 6 5
14 4 10 7 3 4 1 6 5 0 2
14 9 5 1 3 4 2 6 0 5 7
14 5 9 7 3 4 1 6 5 2 0
14 10 4 1 3 4 2 6 5 0 7
14 11 3 1 3 4 2 6 5 7 0
15 6 9 2 3 4 1 0 7 6 5
13 9 4 2 3 4 1 5 7 6 0
15 6 9 1 3 4 7 0 6 5 2
15 7 8 1 3 0 5 7 6 4 2
15 8 7 1 3 4 5 0 7 6 2
15 10 5 2 3 4 1 5 7 0 6
15 7 8 1 3 4 7 6 0 5 2
15 9 6 1 3 4 7 2 6 5 0
15 8 7 1 3 5 0 7 6 4 2
11 9 2 1 3 5 2 7 6 4 0
13 10 3 1 3 5 2 7 6 0 4
14 10 4 1 3 5 4 7 6 0 2
14 11 3 1 3 5 4 7 6 2 0
15 11 4 1 3 4 5 2 7 6 0
15 8 7 1 3 4 7 6 5 0 2
15 11 4 1 3 5 2 7 0 6 4
15 9 6 1 3 4 7 6 5 2 0
16 2 14 3 6 4 1 0 7 5 2
14 5 9 3 6 4 1 2 7 5 0
16 6 10 3 4 5 1 0 6 2 7
16 3 13 3 6 0 1 7 5 4 2
16 5 11 0 3 5 1 7 4 6 2
13 7 6 2 3 5 1 7 4 6 0
14 8 6 1 3 5 0 7 4 6 2
10 9 1 1 3 5 2 7 4 6 0
12 10 2 1 3 5 2 7 4 0 6
14 11 3 1 3 5 2 7 0 4 6
15 8 7 2 3 5 1 7 4 0 6
15 10 5 1 3 5 7 0 4 6 2
