0 0 3 0 4 1 7 6 5 2
6 1 3 6 4 1 7 0 5 2
5 1 3 6 4 1 7 5 0 2
2 1 3 6 4 1 7 5 2 0
4 2 3 6 0 1 7 5 2 4
1 1 3 6 1 0 7 5 2 4
7 2 3 6 1 7 0 5 2 4
5 1 3 6 1 7 5 0 2 4
6 1 3 0 1 7 5 6 2 4
1 1 3 1 0 7 5 6 2 4
7 1 3 1 7 0 5 6 2 4
2 2 3 1 7 2 5 6 0 4
6 1 3 1 7 2 5 0 6 4
5 1 3 1 7 2 0 5 6 4
4 3 3 1 7 2 4 5 6 0
7 2 3 1 0 2 4 5 6 7
2 1 3 1 2 0 4 5 6 7
3 3 0 1 2 3 4 5 6 7
1 1 1 0 2 3 4 5 6 7
2 1 1 2 0 3 4 5 6 7
3 1 1 2 3 0 4 5 6 7
4 2 1 2 3 4 0 5 6 7
5 1 1 2 3 4 5 0 6 7
6 1 1 2 3 4 5 6 0 7
7 1 1 2 3 4 5 6 7 0
33 0.009002208709716797