0 0 0 4 7 6 2 1 5 3 0
16 1 15 4 7 6 2 1 5 0 3
17 2 15 4 7 0 2 1 5 3 6
15 3 12 4 7 3 2 1 5 0 6
15 4 11 4 7 3 2 1 5 6 0
17 3 14 4 7 2 0 1 5 3 6
16 5 11 4 7 2 3 1 5 0 6
16 6 10 4 7 2 3 1 5 6 0
17 4 13 4 7 3 2 1 0 5 6
17 4 13 4 7 2 6 1 5 3 0
18 1 17 4 7 6 0 1 5 3 2
17 3 14 4 7 6 3 1 5 0 2
17 4 13 4 7 6 3 1 5 2 0
18 2 16 4 7 0 2 1 5 6 3
18 2 16 4 7 6 2 1 0 5 3
18 5 13 4 7 2 1 0 5 3 6
18 6 12 4 7 2 3 1 0 5 6
18 3 15 4 7 2 0 1 5 6 3
18 6 12 4 7 2 1 5 0 3 6
18 7 11 4 7 2 1 5 3 0 6
18 8 10 4 7 2 1 5 3 6 0
19 3 16 4 0 7 2 1 5 3 6
17 4 13 4 5 7 2 1 0 3 6
17 5 12 4 5 7 2 1 3 0 6
17 6 11 4 5 7 2 1 3 6 0
19 5 14 4 7 3 0 1 5 6 2
19 5 14 4 0 3 2 1 7 5 6
19 5 14 4 7 3 2 0 1 5 6
19 5 14 4 7 2 6 1 5 0 3
19 3 16 4 7 6 1 0 5 3 2
19 4 15 4 7 0 3 1 5 6 2
19 4 15 4 7 6 3 1 0 5 2
19 5 14 4 7 2 1 0 5 6 3
17 8 9 4 7 2 1 3 5 6 0
19 5 14 4 7 2 6 1 5 0 3
19 5 14 4 5 7 2 0 1 3 6
19 6 13 4 5 0 2 1 3 7 6
19 6 13 4 3 0 2 1 7 5 6
17 7 10 4 3 5 2 1 7 0 6
17 8 9 4 3 5 2 1 7 6 0
19 4 15 4 7 6 1 5 0 3 2
19 6 13 4 7 6 1 2 5 3 0
19 6 13 4 7 2 1 5 0 6 3
19 9 10 4 7 2 1 3 5 0 6
19 7 12 4 5 2 0 1 3 7 6
17 8 9 4 5 2 6 1 3 7 0
19 7 12 4 3 2 0 1 7 5 6
17 8 9 4 3 2 6 1 7 5 0
18 9 9 4 3 2 5 1 7 0 6
18 10 8 4 3 2 5 1 7 6 0
19 8 11 4 3 5 2 1 0 7 6
19 5 14 4 7 6 1 5 3 0 2
19 7 12 4 7 2 1 5 6 0 3
19 9 10 4 5 2 6 1 3 0 7
19 9 10 4 3 2 6 1 7 0 5
19 6 13 4 7 6 1 5 3 2 0
19 8 11 4 7 2 1 5 6 3 0
20 6 14 0 7 3 2 1 5 6 4
14 7 7 1 7 3 2 0 5 6 4
14 8 6 1 7 3 2 5 0 6 4
14 10 4 1 7 3 2 4 5 6 0
14 9 5 1 7 3 2 5 6 0 4
14 10 4 1 7 3 2 5 6 4 0
16 11 5 1 7 3 2 4 5 0 6
17 8 9 5 7 3 2 1 0 6 4
17 9 8 1 7 3 0 2 5 6 4
15 10 5 1 7 3 4 2 5 6 0
17 9 8 5 7 3 2 1 6 0 4
17 11 6 1 7 3 4 2 5 0 6
17 10 7 5 7 3 2 1 6 4 0
18 9 9 1 0 3 2 5 7 6 4
18 12 6 1 7 3 2 4 0 5 6
18 11 7 1 7 3 6 2 5 0 4
18 10 8 1 3 0 2 5 7 6 4
18 12 6 1 7 3 6 2 5 4 0
18 11 7 1 3 6 2 5 7 0 4
18 11 7 1 3 2 0 5 7 6 4
14 12 2 1 3 2 4 5 7 6 0
16 13 3 1 3 2 4 5 7 0 6
18 12 6 1 3 6 2 5 7 4 0
18 14 4 1 3 2 4 5 0 7 6
19 9 10 1 0 3 2 7 5 6 4
15 10 5 1 5 3 2 7 0 6 4
15 11 4 1 5 3 2 7 6 0 4
15 12 3 1 5 3 2 7 6 4 0
17 11 6 1 5 3 2 0 7 6 4
17 14 3 1 5 3 2 4 7 6 0
19 9 10 5 7 3 2 0 1 6 4
19 10 9 1 7 0 3 2 5 6 4
19 12 7 1 7 3 4 2 0 5 6
19 13 6 1 3 2 5 0 7 6 4
19 13 6 1 3 2 6 5 7 0 4
19 10 9 1 3 0 2 7 5 6 4
19 15 4 1 5 3 2 4 7 0 6
19 12 7 5 7 3 2 4 1 6 0
19 11 8 1 7 6 3 2 5 0 4
19 14 5 1 3 2 5 7 0 6 4
19 16 3 1 3 2 5 4 7 6 0
19 14 5 1 3 2 6 5 7 4 0
19 11 8 1 3 6 2 7 5 0 4
19 11 8 1 3 2 0 7 5 6 4
15 12 3 1 3 2 4 7 5 6 0
17 13 4 1 3 2 4 7 5 0 6
19 12 7 1 7 6 3 2 5 4 0
19 15 4 1 3 2 5 7 6 0 4
19 12 7 1 3 6 2 7 5 4 0
19 15 4 1 3 2 4 0 5 6 7
19 14 5 1 3 2 4 7 0 5 6
19 16 3 1 3 2 5 7 6 4 0
19 16 3 1 3 2 4 5 0 6 7
19 17 2 1 3 2 4 5 6 0 7
19 18 1 1 3 2 4 5 6 7 0
20 6 14 4 7 0 3 1 5 2 6
20 2 18 4 7 0 6 1 5 3 2
16 3 13 4 7 3 6 1 5 0 2
16 4 12 4 7 3 6 1 5 2 0
18 4 14 4 7 3 6 1 0 5 2
18 5 13 4 7 3 0 1 5 2 6
19 7 12 4 7 3 1 0 5 2 6
19 8 11 4 7 3 1 5 0 2 6
19 9 10 4 7 3 1 5 2 0 6
19 10 9 4 7 3 1 5 2 6 0
20 6 14 4 7 0 3 1 5 2 6
20 3 17 4 0 7 2 1 5 6 3
18 4 14 4 5 7 2 1 0 6 3
18 5 13 4 5 7 2 1 6 0 3
18 6 12 4 5 7 2 1 6 3 0
20 3 17 4 0 6 2 1 7 5 3
20 3 17 4 7 6 2 0 1 5 3
20 8 12 4 7 2 1 6 5 3 0
20 7 13 4 0 2 3 1 7 5 6
20 7 13 4 7 2 3 0 1 5 6
20 7 13 4 0 2 1 5 7 3 6
20 8 12 4 5 0 2 1 3 6 7
20 7 13 4 7 3 1 0 5 6 2
20 7 13 4 7 3 6 1 5 0 2
20 9 11 4 5 2 1 0 3 7 6
20 9 11 4 5 2 7 1 3 0 6
20 9 11 4 3 2 1 0 7 5 6
20 10 10 4 3 2 5 1 0 7 6
20 7 13 7 0 3 2 1 5 6 4
18 8 10 7 5 3 2 1 0 6 4
18 9 9 7 5 3 2 1 6 0 4
18 10 8 7 5 3 2 1 6 4 0
20 11 9 1 7 3 0 4 5 6 2
20 11 9 1 7 3 0 5 6 4 2
19 13 6 1 7 3 4 5 6 0 2
19 14 5 1 7 3 4 5 6 2 0
20 10 10 0 1 3 2 5 7 6 4
17 12 5 4 1 3 2 5 7 6 0
18 11 7 5 1 3 2 0 7 6 4
18 12 6 5 1 3 2 7 0 6 4
18 14 4 5 1 3 2 4 7 6 0
18 13 5 5 1 3 2 7 6 0 4
18 14 4 5 1 3 2 7 6 4 0
19 12 7 7 1 3 2 5 0 6 4
19 13 6 4 1 3 2 5 7 0 6
19 13 6 7 1 3 2 5 6 0 4
19 14 5 7 1 3 2 5 6 4 0
20 13 7 1 7 3 2 0 4 5 6
20 12 8 1 7 3 6 2 0 5 4
20 13 7 1 7 3 0 2 5 4 6
20 12 8 1 3 6 2 5 0 7 4
20 15 5 1 3 2 4 0 5 7 6
20 13 7 1 5 3 0 2 7 6 4
18 14 4 1 5 3 4 2 7 6 0
20 13 7 1 3 2 7 0 5 6 4
20 13 7 1 3 2 6 7 5 0 4
20 7 13 4 7 3 0 1 5 2 6
20 5 15 4 7 3 6 0 1 5 2
20 5 15 4 5 7 2 0 1 6 3
20 6 14 4 5 0 2 1 6 7 3
20 4 16 4 6 0 2 1 7 5 3
18 5 13 4 6 5 2 1 7 0 3
18 6 12 4 6 5 2 1 7 3 0
20 6 14 4 7 6 2 3 1 5 0
20 8 12 4 2 0 3 1 7 5 6
18 9 9 4 2 5 3 1 7 0 6
18 10 8 4 2 5 3 1 7 6 0
20 8 12 4 2 0 1 5 7 3 6
16 9 7 4 2 3 1 5 7 0 6
16 10 6 4 2 3 1 5 7 6 0
18 10 8 4 2 3 1 5 0 7 6
20 9 11 4 5 6 2 1 3 0 7
20 9 11 4 5 2 0 1 3 6 7
20 8 12 4 7 3 1 5 0 6 2
20 10 10 4 7 3 1 2 5 6 0
20 10 10 4 5 2 1 3 0 7 6
20 12 8 4 5 2 1 6 3 7 0
20 10 10 4 5 2 7 1 3 6 0
20 10 10 4 3 2 1 7 0 5 6
20 12 8 4 3 2 1 6 7 5 0
20 8 12 7 3 0 2 1 5 6 4
20 9 11 7 5 3 2 0 1 6 4
20 15 5 5 1 3 2 4 7 0 6
20 18 2 1 3 2 4 6 5 7 0
20 15 5 1 5 3 4 2 7 0 6
20 14 6 1 3 2 7 5 0 6 4
20 16 4 1 3 2 7 4 5 6 0
20 14 6 1 3 2 6 7 5 4 0
20 8 12 4 5 7 2 3 1 6 0
20 7 13 4 5 2 0 1 6 7 3
16 8 8 4 5 2 3 1 6 7 0
18 9 9 4 5 2 3 1 6 0 7
20 5 15 4 6 2 0 1 7 5 3
16 6 10 4 6 2 3 1 7 5 0
18 7 11 4 6 2 3 1 7 0 5
19 7 12 4 6 2 5 1 7 0 3
19 8 11 4 6 2 5 1 7 3 0
20 6 14 4 6 5 2 1 0 7 3
20 9 11 4 2 3 0 1 7 5 6
18 10 8 4 2 3 6 1 7 5 0
19 11 8 4 2 3 5 1 7 0 6
19 12 7 4 2 3 5 1 7 6 0
20 10 10 4 2 5 3 1 0 7 6
20 9 11 4 2 1 0 5 7 3 6
17 11 6 4 2 1 3 5 7 0 6
17 12 5 4 2 1 3 5 7 6 0
18 10 8 4 2 1 6 5 7 3 0
19 12 7 4 2 1 3 5 0 7 6
20 11 9 4 2 3 1 0 5 7 6
20 10 10 4 5 6 2 1 3 7 0
20 10 10 4 5 2 7 1 3 6 0
20 9 11 4 7 3 1 5 6 0 2
20 11 9 4 5 2 1 3 7 0 6
20 11 9 4 3 2 1 7 5 0 6
20 9 11 7 3 6 2 1 5 0 4
20 9 11 7 3 2 0 1 5 6 4
18 10 8 7 3 2 4 1 5 6 0
20 12 8 7 5 3 2 4 1 6 0
20 15 5 1 3 2 7 5 6 0 4
20 10 10 4 5 2 3 1 0 6 7
20 8 12 4 6 2 3 1 0 7 5
20 11 9 4 2 3 6 1 7 0 5
20 11 9 4 2 1 6 5 7 0 3
20 14 6 4 2 3 1 6 5 7 0
20 10 10 4 7 3 1 5 6 2 0
20 12 8 4 5 2 1 3 7 6 0
20 12 8 4 3 2 1 7 5 6 0
20 10 10 7 3 6 2 1 5 4 0
20 11 9 7 3 2 4 1 5 0 6
20 16 4 1 3 2 7 5 6 4 0
21 2 19 0 7 6 2 1 5 3 4
15 3 12 1 7 6 2 0 5 3 4
15 4 11 1 7 6 2 5 0 3 4
15 5 10 1 7 6 2 5 3 0 4
15 6 9 1 7 6 2 5 3 4 0
16 4 12 5 7 6 2 1 0 3 4
16 5 11 5 7 6 2 1 3 0 4
16 6 10 5 7 6 2 1 3 4 0
17 6 11 1 7 6 2 4 5 3 0
17 6 11 1 7 0 2 5 3 6 4
17 7 10 1 7 2 0 5 3 6 4
15 8 7 1 7 2 4 5 3 6 0
17 9 8 1 7 2 4 5 3 0 6
18 5 13 1 7 6 0 2 5 3 4
18 8 10 1 7 0 2 5 3 4 6
18 5 13 5 7 6 2 0 1 3 4
18 6 12 5 7 0 2 1 3 6 4
18 9 9 1 7 2 5 0 3 6 4
18 9 9 1 7 2 6 5 3 0 4
18 6 12 1 7 6 4 2 5 3 0
18 9 9 1 7 4 2 5 3 0 6
18 9 9 1 7 2 0 5 3 4 6
18 7 11 5 7 2 0 1 3 6 4
16 8 8 5 7 2 4 1 3 6 0
18 10 8 1 7 2 5 3 0 6 4
18 12 6 1 7 2 5 4 3 6 0
18 10 8 1 7 2 6 5 3 4 0
18 10 8 1 7 4 2 5 3 6 0
18 10 8 1 7 2 6 5 3 4 0
18 9 9 5 7 2 4 1 3 0 6
18 11 7 1 7 2 5 3 6 0 4
18 12 6 1 7 2 5 3 6 4 0
19 5 14 1 0 6 2 5 7 3 4
19 7 12 1 7 6 0 5 3 4 2
19 8 11 5 7 0 2 1 3 4 6
19 7 12 1 7 6 2 4 5 0 3
19 7 12 1 0 7 2 5 3 6 4
13 8 5 1 3 7 2 5 0 6 4
13 9 4 1 3 7 2 5 6 0 4
13 10 3 1 3 7 2 5 6 4 0
15 9 6 1 3 7 2 0 5 6 4
15 12 3 1 3 7 2 4 5 6 0
17 13 4 1 3 7 2 4 5 0 6
18 11 7 1 3 7 0 2 5 6 4
16 12 4 1 3 7 4 2 5 6 0
18 13 5 1 3 7 4 2 5 0 6
19 10 9 1 7 2 4 5 0 3 6
19 11 8 1 7 2 5 0 3 4 6
19 9 10 5 7 2 1 0 3 6 4
19 9 10 5 7 2 6 1 3 0 4
19 6 13 1 6 0 2 5 7 3 4
15 7 8 1 6 3 2 5 7 0 4
15 8 7 1 6 3 2 5 7 4 0
17 8 9 1 6 3 2 5 0 7 4
19 9 10 5 7 4 2 1 3 0 6
19 9 10 5 7 2 0 1 3 4 6
19 10 9 1 3 0 2 5 6 7 4
19 11 8 1 3 7 0 5 6 4 2
18 13 5 1 3 7 4 5 6 0 2
18 14 4 1 3 7 4 5 6 2 0
19 14 5 1 3 7 2 4 0 5 6
19 13 6 1 3 7 6 2 5 0 4
19 12 7 1 7 2 5 3 0 4 6
19 10 9 5 7 2 1 3 0 6 4
19 12 7 5 7 2 1 4 3 6 0
19 10 9 5 7 2 6 1 3 4 0
19 7 12 1 6 2 0 5 7 3 4
15 8 7 1 6 2 4 5 7 3 0
16 9 7 1 6 2 3 5 7 0 4
16 10 6 1 6 2 3 5 7 4 0
17 9 8 1 6 2 4 5 7 0 3
18 10 8 1 6 2 3 5 0 7 4
19 9 10 1 6 3 0 5 7 4 2
19 9 10 1 0 3 2 5 6 7 4
19 9 10 1 6 3 2 0 5 7 4
17 12 5 1 6 3 2 4 5 7 0
19 10 9 5 7 4 2 1 3 6 0
19 10 9 5 7 2 6 1 3 4 0
19 11 8 1 3 2 0 5 6 7 4
19 14 5 1 3 7 6 2 5 4 0
19 13 6 1 7 2 5 3 4 0 6
19 11 8 5 7 2 1 3 6 0 4
19 10 9 1 6 2 4 5 0 7 3
19 13 6 1 6 3 2 4 5 0 7
19 14 5 1 7 2 5 3 4 6 0
19 12 7 5 7 2 1 3 6 4 0
20 5 15 1 0 6 2 7 5 3 4
16 6 10 1 5 6 2 7 0 3 4
16 7 9 1 5 6 2 7 3 0 4
16 8 8 1 5 6 2 7 3 4 0
18 7 11 1 5 6 2 0 7 3 4
18 8 10 1 5 0 2 7 3 6 4
18 10 8 1 5 6 2 4 7 3 0
18 9 9 1 5 2 0 7 3 6 4
16 10 6 1 5 2 4 7 3 6 0
18 11 7 1 5 2 4 7 3 0 6
19 10 9 1 5 0 2 7 3 4 6
19 11 8 1 5 2 7 0 3 6 4
19 11 8 1 5 2 6 7 3 0 4
19 11 8 1 5 4 2 7 3 0 6
19 11 8 1 5 2 0 7 3 4 6
19 12 7 1 5 2 7 3 0 6 4
19 14 5 1 5 2 7 4 3 6 0
19 12 7 1 5 2 6 7 3 4 0
19 12 7 1 5 4 2 7 3 6 0
19 12 7 1 5 2 6 7 3 4 0
19 13 6 1 5 2 7 3 6 0 4
19 14 5 1 5 2 7 3 6 4 0
20 7 13 5 7 6 0 1 3 4 2
20 8 12 1 7 0 2 4 5 3 6
20 6 14 1 7 0 6 2 5 3 4
20 9 11 1 0 7 2 5 3 4 6
14 10 4 1 3 7 2 5 0 4 6
14 11 3 1 3 7 2 5 4 0 6
14 12 2 1 3 7 2 5 4 6 0
16 11 5 1 3 7 2 0 5 4 6
18 14 4 1 3 7 2 6 5 4 0
19 13 6 1 3 7 0 2 5 4 6
20 8 12 5 7 6 2 4 1 3 0
20 7 13 5 0 7 2 1 3 6 4
16 8 8 5 3 7 2 1 0 6 4
16 9 7 5 3 7 2 1 6 0 4
16 10 6 5 3 7 2 1 6 4 0
18 9 9 5 3 7 2 0 1 6 4
18 12 6 5 3 7 2 4 1 6 0
20 10 10 1 7 2 6 5 0 3 4
20 7 13 1 7 6 4 2 5 0 3
20 10 10 1 7 4 2 5 0 3 6
20 13 7 1 7 2 5 4 3 0 6
20 10 10 5 7 2 4 1 0 3 6
20 9 11 1 7 6 5 0 3 4 2
20 9 11 1 7 6 4 5 3 0 2
20 12 8 1 3 0 2 5 6 4 7
16 13 3 1 3 4 2 5 6 0 7
16 14 2 1 3 4 2 5 6 7 0
18 14 4 1 3 4 2 5 0 6 7
20 14 6 1 3 0 2 4 5 6 7
20 12 8 1 3 0 7 2 5 6 4
20 14 6 1 3 7 4 2 0 5 6
20 11 9 5 7 2 1 0 3 4 6
20 13 7 1 3 7 5 0 6 4 2
18 16 2 1 3 7 5 2 6 4 0
20 14 6 1 3 7 4 5 0 6 2
20 9 11 1 6 2 5 0 7 3 4
20 10 10 1 6 0 3 5 7 2 4
20 11 9 1 0 2 3 5 6 7 4
20 11 9 1 6 2 3 0 5 7 4
18 14 4 1 6 2 3 4 5 7 0
20 11 9 1 6 3 5 0 7 4 2
20 11 9 1 6 3 4 5 7 0 2
20 13 7 1 3 2 5 0 6 7 4
18 16 2 1 3 2 5 4 6 7 0
20 6 14 1 6 0 2 7 5 3 4
16 7 9 1 6 3 2 7 5 0 4
16 8 8 1 6 3 2 7 5 4 0
18 8 10 1 6 3 2 7 0 5 4
20 9 11 1 5 6 0 7 3 4 2
20 11 9 1 5 6 2 0 3 4 7
20 9 11 1 0 5 2 7 3 6 4
14 10 4 1 3 5 2 7 0 6 4
14 11 3 1 3 5 2 7 6 0 4
14 12 2 1 3 5 2 7 6 4 0
16 11 5 1 3 5 2 0 7 6 4
16 14 2 1 3 5 2 4 7 6 0
18 15 3 1 3 5 2 4 7 0 6
19 13 6 1 3 5 0 2 7 6 4
17 14 3 1 3 5 4 2 7 6 0
19 15 4 1 3 5 4 2 7 0 6
20 11 9 1 5 6 2 4 7 0 3
20 13 7 1 5 2 4 0 3 6 7
20 12 8 1 5 2 4 7 0 3 6
20 13 7 1 5 2 7 0 3 4 6
20 9 11 1 7 2 0 4 5 3 6
17 11 6 1 7 2 3 4 5 0 6
17 12 5 1 7 2 3 4 5 6 0
19 12 7 1 7 2 3 4 0 5 6
20 12 8 1 3 0 2 5 4 7 6
20 13 7 1 3 7 0 5 4 6 2
20 15 5 1 3 7 2 6 5 0 4
20 13 7 5 3 7 2 4 1 0 6
20 10 10 1 7 6 5 3 0 4 2
20 12 8 1 7 6 5 2 3 4 0
20 10 10 1 7 6 4 5 3 2 0
20 13 7 1 3 2 0 5 6 4 7
20 15 5 1 3 4 2 0 5 6 7
20 15 5 1 3 6 2 4 5 0 7
20 15 5 1 3 2 0 4 5 6 7
20 13 7 1 3 6 7 2 5 0 4
20 12 8 5 7 2 1 3 0 4 6
20 14 6 1 3 7 5 6 0 4 2
20 17 3 1 3 7 5 2 6 0 4
20 10 10 1 6 2 5 7 0 3 4
20 12 8 1 6 2 5 4 7 3 0
20 11 9 1 6 3 0 5 7 2 4
20 12 8 1 2 0 3 5 6 7 4
20 15 5 1 6 2 3 4 5 0 7
20 12 8 1 6 3 5 7 0 4 2
20 14 6 1 6 3 5 2 7 4 0
20 12 8 1 6 3 4 5 7 2 0
20 14 6 1 3 2 5 6 0 7 4
20 17 3 1 3 2 5 4 6 0 7
20 7 13 1 6 2 0 7 5 3 4
16 8 8 1 6 2 4 7 5 3 0
17 9 8 1 6 2 3 7 5 0 4
17 10 7 1 6 2 3 7 5 4 0
18 9 9 1 6 2 4 7 5 0 3
19 10 9 1 6 2 3 7 0 5 4
20 9 11 1 6 3 0 7 5 4 2
20 11 9 1 6 3 2 0 5 4 7
20 9 11 1 0 3 2 7 6 5 4
20 9 11 1 6 3 2 0 7 5 4
18 12 6 1 6 3 2 4 7 5 0
20 12 8 1 5 6 2 3 0 4 7
20 13 7 1 3 5 0 7 6 4 2
19 15 4 1 3 5 4 7 6 0 2
19 16 3 1 3 5 4 7 6 2 0
20 16 4 1 3 5 2 4 0 7 6
20 15 5 1 3 5 6 2 7 0 4
20 14 6 1 5 2 4 3 0 6 7
20 14 6 1 5 2 7 3 0 4 6
20 10 10 1 7 2 6 4 5 3 0
20 13 7 1 3 2 0 5 4 7 6
18 14 4 1 3 2 6 5 4 7 0
19 15 4 1 3 2 7 5 4 0 6
19 16 3 1 3 2 7 5 4 6 0
20 11 9 1 7 6 5 3 4 0 2
20 16 4 1 3 6 2 4 5 7 0
20 14 6 1 3 6 7 2 5 4 0
20 13 7 5 7 2 1 3 4 0 6
20 15 5 1 3 7 5 6 4 0 2
20 11 9 1 6 2 5 7 3 0 4
20 12 8 1 6 3 4 5 7 2 0
20 13 7 1 2 7 3 5 6 0 4
20 13 7 1 2 3 0 5 6 7 4
