0 0 4 7 6 2 1 5 3 0
3 1 4 7 6 2 1 5 0 3
6 1 4 7 0 2 1 5 6 3
7 1 4 0 7 2 1 5 6 3
4 1 0 4 7 2 1 5 6 3
1 1 1 4 7 2 0 5 6 3
2 2 1 4 7 0 2 5 6 3
3 1 1 4 7 3 2 5 6 0
7 2 1 4 0 3 2 5 6 7
3 1 1 4 3 0 2 5 6 7
2 2 1 4 3 2 0 5 6 7
5 1 1 4 3 2 5 0 6 7
6 1 1 4 3 2 5 6 0 7
7 1 1 4 3 2 5 6 7 0
5 3 1 4 3 2 0 6 7 5
2 2 1 4 3 0 2 6 7 5
7 2 1 4 3 7 2 6 0 5
6 1 1 4 3 7 2 0 6 5
4 1 1 0 3 7 2 4 6 5
3 1 1 3 0 7 2 4 6 5
7 1 1 3 7 0 2 4 6 5
5 1 1 3 7 5 2 4 6 0
7 2 1 3 0 5 2 4 6 7
5 1 1 3 5 0 2 4 6 7
7 1 1 3 5 7 2 4 6 0
32 0.015079975128173828