0 0 0 4 7 6 2 1 5 3 0
15 0 15 4 7 6 2 1 5 0 3
15 0 15 4 7 0 2 1 5 3 6
12 0 12 4 7 3 2 1 5 0 6
11 0 11 4 7 3 2 1 5 6 0
13 0 13 4 7 3 2 1 0 5 6
14 0 14 4 7 2 0 1 5 3 6
11 0 11 4 7 2 3 1 5 0 6
10 0 10 4 7 2 3 1 5 6 0
12 0 12 4 7 2 3 1 0 5 6
13 0 13 4 7 2 6 1 5 3 0
13 0 13 4 7 2 1 0 5 3 6
12 0 12 4 7 2 1 5 0 3 6
11 0 11 4 7 2 1 5 3 0 6
10 0 10 4 7 2 1 5 3 6 0
12 0 12 4 7 2 1 6 5 3 0
13 0 13 4 0 2 3 1 7 5 6
12 0 12 4 2 0 3 1 7 5 6
9 0 9 4 2 5 3 1 7 0 6
8 0 8 4 2 5 3 1 7 6 0
10 0 10 4 2 5 3 1 0 7 6
11 0 11 4 2 3 0 1 7 5 6
8 0 8 4 2 3 6 1 7 5 0
8 0 8 4 2 3 5 1 7 0 6
7 0 7 4 2 3 5 1 7 6 0
9 0 9 4 2 3 6 1 7 0 5
9 0 9 4 2 3 5 1 0 7 6
10 0 10 4 2 3 1 0 7 5 6
7 0 7 4 2 3 1 6 7 5 0
8 0 8 4 2 3 1 6 7 0 5
9 0 9 4 2 3 1 7 0 5 6
8 0 8 4 2 3 1 7 5 0 6
7 0 7 4 2 3 1 7 5 6 0
8 0 8 4 2 3 1 0 5 6 7
7 0 7 4 2 3 1 5 0 6 7
6 0 6 4 2 3 1 5 6 0 7
5 0 5 4 2 3 1 5 6 7 0
9 0 9 4 2 3 1 6 0 7 5
9 0 9 0 2 3 1 4 5 6 7
4 0 4 1 2 3 0 4 5 6 7
3 0 3 1 2 3 7 4 5 6 0
3 0 3 1 2 3 4 0 5 6 7
2 0 2 1 2 3 4 5 0 6 7
1 0 1 1 2 3 4 5 6 0 7
