0 0 0 6 7 4 2 1 3 5
1 2 1 6 7 4 2 0 3 5
6 1 1 0 7 4 2 6 3 5
7 1 1 7 0 4 2 6 3 5
3 1 1 7 3 4 2 6 0 5
6 1 1 7 3 4 2 0 6 5
7 1 1 0 3 4 2 7 6 5
3 1 1 3 0 4 2 7 6 5
4 1 1 3 4 0 2 7 6 5
5 1 1 3 4 5 2 7 6 0
4 2 1 3 0 5 2 7 6 4
5 1 1 3 5 0 2 7 6 4
2 2 1 3 5 2 0 7 6 4
3 2 1 0 5 2 3 7 6 4
7 1 1 7 5 2 3 0 6 4
3 1 1 7 5 2 0 3 6 4
2 2 1 7 5 0 2 3 6 4
5 1 1 7 0 5 2 3 6 4
7 1 1 0 7 5 2 3 6 4
3 1 1 3 7 5 2 0 6 4
6 1 1 3 7 5 2 6 0 4
7 1 1 3 0 5 2 6 7 4
3 1 1 0 3 5 2 6 7 4
6 1 1 6 3 5 2 0 7 4
2 1 1 6 3 5 0 2 7 4
6 2 1 0 3 5 6 2 7 4
2 1 1 2 3 5 6 0 7 4
6 1 1 2 3 5 0 6 7 4
5 2 1 2 3 0 5 6 7 4
4 1 1 2 3 4 5 6 7 0
36 0.0625300407409668