0 0 0 5 6 2 3 4 1 7 0
13 1 12 5 6 2 3 4 1 0 7
15 2 13 5 6 2 3 4 0 1 7
17 1 16 5 6 2 0 4 1 7 3
17 3 14 5 6 2 3 0 1 7 4
17 3 14 5 0 2 3 4 6 1 7
17 3 14 5 6 2 3 0 4 1 7
17 4 13 5 6 2 3 1 0 7 4
17 4 13 5 2 0 3 4 6 1 7
11 5 6 5 2 1 3 4 6 0 7
11 6 5 5 2 1 3 4 6 7 0
13 6 7 5 2 1 3 4 0 6 7
15 7 8 5 2 1 3 0 4 6 7
15 10 5 5 2 1 3 7 4 6 0
17 5 12 5 6 2 3 1 7 0 4
17 5 12 5 2 3 0 4 6 1 7
14 7 7 5 2 3 1 4 6 0 7
14 8 6 5 2 3 1 4 6 7 0
15 6 9 5 2 3 7 4 6 1 0
16 8 8 5 2 3 1 4 0 6 7
17 8 9 0 2 1 3 5 4 6 7
16 10 6 7 2 1 3 5 4 6 0
16 10 6 4 2 1 3 5 0 6 7
16 11 5 4 2 1 3 5 6 0 7
16 12 4 4 2 1 3 5 6 7 0
17 11 6 5 2 1 3 7 4 0 6
17 6 11 5 6 2 3 1 7 4 0
17 7 10 5 2 3 7 4 6 0 1
17 9 8 2 0 1 3 5 4 6 7
15 10 5 2 4 1 3 5 0 6 7
15 11 4 2 4 1 3 5 6 0 7
15 12 3 2 4 1 3 5 6 7 0
17 10 7 2 1 0 3 5 4 6 7
17 11 6 2 4 1 3 0 5 6 7
17 11 6 2 1 6 3 5 4 0 7
17 11 6 2 1 3 0 5 4 6 7
17 12 5 2 1 6 3 5 4 7 0
17 12 5 2 1 3 7 5 4 6 0
18 2 16 0 6 2 3 4 1 7 5
11 4 7 1 6 2 3 4 0 7 5
11 5 6 1 6 2 3 4 7 0 5
11 6 5 1 6 2 3 4 7 5 0
13 5 8 1 0 2 3 4 6 7 5
13 5 8 1 6 2 3 0 4 7 5
13 6 7 1 2 0 3 4 6 7 5
13 8 5 1 6 2 3 5 4 7 0
13 7 6 1 2 7 3 4 6 0 5
13 7 6 1 2 3 0 4 6 7 5
9 8 1 1 2 3 5 4 6 7 0
11 9 2 1 2 3 5 4 6 0 7
13 8 5 1 2 7 3 4 6 5 0
13 10 3 1 2 3 5 4 0 6 7
14 9 5 1 2 3 4 0 6 7 5
