0 0 0 7 2 0 5 6 4 3 1
12 0 12 7 2 3 5 6 4 0 1
11 0 11 7 2 3 5 6 4 1 0
12 0 12 7 2 3 5 0 4 1 6
11 0 11 7 2 3 5 4 0 1 6
10 0 10 7 2 3 5 4 1 0 6
9 0 9 7 2 3 5 4 1 6 0
12 0 12 0 2 3 5 4 1 6 7
3 0 3 1 2 3 5 4 0 6 7
2 0 2 1 2 3 5 4 6 0 7
1 0 1 1 2 3 5 4 6 7 0
4 0 4 1 2 3 5 0 4 6 7
3 0 3 1 2 3 5 7 4 6 0
4 0 4 1 2 3 5 7 4 0 6
5 0 5 1 2 3 0 5 4 6 7
4 0 4 1 2 3 7 5 4 6 0
4 0 4 1 2 3 6 5 4 0 7
3 0 3 1 2 3 6 5 4 7 0
5 0 5 1 2 3 5 7 0 4 6
5 0 5 1 2 3 7 5 4 0 6
5 0 5 1 2 3 6 5 0 4 7
6 0 6 1 2 3 0 4 6 7 5
5 0 5 1 2 3 4 0 6 7 5
