0 0 0 7 2 0 3 1 5 4 6
7 1 6 7 2 3 0 1 5 4 6
7 2 5 7 2 3 6 1 5 4 0
8 1 7 7 2 4 3 1 5 0 6
8 3 5 7 2 3 4 1 5 0 6
8 2 6 7 2 4 3 1 5 6 0
8 4 4 7 2 3 4 1 5 6 0
9 1 8 7 0 2 3 1 5 4 6
9 3 6 7 2 3 1 0 5 4 6
9 3 6 7 2 3 6 1 5 0 4
9 2 7 7 2 4 3 1 0 5 6
9 4 5 7 2 3 4 1 0 5 6
9 4 5 7 2 3 1 5 0 4 6
10 4 6 0 2 3 7 1 5 4 6
10 4 6 0 2 3 6 1 5 4 7
10 4 6 7 2 0 4 1 5 3 6
10 3 7 7 2 4 0 1 5 6 3
10 2 8 7 5 2 3 1 0 4 6
10 2 8 0 7 2 3 1 5 4 6
10 4 6 0 2 3 1 7 5 4 6
10 4 6 7 2 3 6 1 0 5 4
10 3 7 7 2 4 3 0 1 5 6
10 5 5 7 2 3 4 0 1 5 6
10 5 5 7 2 3 1 5 4 0 6
10 5 5 1 2 3 7 0 5 4 6
10 5 5 1 2 3 6 0 5 4 7
10 4 6 7 2 0 4 1 5 6 3
10 3 7 7 5 2 3 1 4 0 6
9 4 5 7 5 2 3 1 4 6 0
10 3 7 1 7 2 3 0 5 4 6
10 6 4 7 2 3 1 5 4 6 0
10 6 4 1 2 3 7 5 0 4 6
10 6 4 1 2 3 6 5 0 4 7
10 4 6 1 7 2 3 5 0 4 6
11 4 7 7 2 0 6 1 5 4 3
11 5 6 7 2 3 6 0 5 4 1
11 4 7 0 2 4 3 1 5 6 7
11 4 7 7 2 0 3 1 5 6 4
11 5 6 7 2 3 0 1 5 6 4
11 6 5 0 2 3 4 1 5 6 7
11 6 5 7 2 3 1 6 5 4 0
11 4 7 7 2 0 6 1 5 3 4
11 3 8 7 0 4 3 1 2 5 6
11 5 6 7 0 3 4 1 2 5 6
11 5 6 7 0 3 1 5 2 4 6
11 6 5 6 2 3 7 1 5 4 0
11 3 8 7 5 2 3 0 1 4 6
11 4 7 6 7 2 3 1 5 4 0
11 6 5 6 2 3 1 7 5 4 0
11 5 6 7 2 3 6 0 1 5 4
11 4 7 0 2 4 3 7 1 5 6
11 6 5 0 2 3 4 7 1 5 6
11 5 6 7 2 6 4 1 5 0 3
11 4 7 7 5 0 3 1 4 2 6
11 5 6 7 5 2 0 1 4 6 3
11 7 4 1 2 3 7 5 4 0 6
11 7 4 1 2 3 6 5 4 0 7
10 8 2 1 2 3 6 5 4 7 0
11 5 6 1 0 2 3 5 7 4 6
11 5 6 1 7 2 3 5 4 0 6
10 6 4 1 7 2 3 5 4 6 0
11 6 5 7 2 3 6 5 0 4 1
11 5 6 1 2 4 3 0 5 6 7
11 5 6 7 2 3 0 1 5 6 4
11 7 4 1 2 3 4 0 5 6 7
11 6 5 7 2 6 4 1 5 3 0
11 5 6 7 0 5 3 1 4 2 6
11 8 3 1 2 3 7 5 4 6 0
11 6 5 1 2 0 3 5 7 4 6
11 6 5 1 2 4 3 5 0 6 7
11 8 3 1 2 3 4 5 0 6 7
11 7 4 1 2 3 0 5 7 4 6
11 7 4 1 2 4 3 5 6 0 7
10 8 2 1 2 4 3 5 6 7 0
11 9 2 1 2 3 4 5 6 0 7
