0 0 0 7 2 0 3 1 5 4 6
12 1 11 7 2 4 3 1 5 0 6
12 1 11 7 2 3 0 1 5 4 6
12 2 10 7 2 4 3 1 5 6 0
12 2 10 7 2 3 6 1 5 4 0
13 3 10 7 2 3 1 0 5 4 6
13 3 10 7 2 3 4 1 5 0 6
13 4 9 7 2 3 1 5 0 4 6
13 4 9 7 2 3 4 1 5 6 0
13 5 8 7 2 3 1 5 4 0 6
13 6 7 7 2 3 1 5 4 6 0
14 1 13 7 0 2 3 1 5 4 6
12 2 10 7 5 2 3 1 0 4 6
12 3 9 7 5 2 3 1 4 0 6
12 4 8 7 5 2 3 1 4 6 0
14 2 12 7 2 4 3 1 0 5 6
14 3 11 7 2 3 6 1 5 0 4
14 3 11 7 5 2 3 0 1 4 6
15 4 11 0 2 4 3 1 5 6 7
9 5 4 1 2 4 3 0 5 6 7
9 6 3 1 2 4 3 5 0 6 7
9 7 2 1 2 4 3 5 6 0 7
9 8 1 1 2 4 3 5 6 7 0
11 8 3 1 2 4 3 7 5 6 0
12 7 5 1 2 4 0 3 5 6 7
12 8 4 1 2 4 7 3 5 6 0
13 9 4 1 2 4 3 7 5 0 6
13 9 4 1 2 4 6 3 5 0 7
13 10 3 1 2 4 6 3 5 7 0
14 8 6 1 2 0 4 3 5 6 7
14 9 5 1 2 4 7 3 5 0 6
14 9 5 1 2 6 4 3 5 0 7
14 10 4 1 2 6 4 3 5 7 0
15 6 9 7 2 3 1 6 5 4 0
15 4 11 7 2 3 4 1 0 5 6
15 5 10 7 0 3 1 5 2 4 6
15 5 10 2 0 4 3 1 5 6 7
15 7 8 3 2 4 0 1 5 6 7
15 8 7 1 2 0 3 5 6 4 7
15 10 5 1 2 4 3 7 0 5 6
15 10 5 1 2 4 6 3 0 5 7
15 6 9 7 3 0 1 5 2 4 6
15 6 9 2 5 4 3 1 0 6 7
15 6 9 2 4 0 3 1 5 6 7
15 8 7 3 2 4 7 1 5 6 0
15 9 6 1 2 3 0 5 6 4 7
12 11 1 1 2 3 4 5 6 0 7
