0 0 0 7 3 4 5 1 2 0 6
9 1 8 7 3 4 5 1 2 6 0
11 1 10 7 3 0 5 1 2 4 6
11 1 10 7 3 4 5 1 0 2 6
11 2 9 7 3 5 0 1 2 4 6
11 3 8 7 3 5 6 1 2 4 0
12 4 8 7 3 5 1 0 2 4 6
12 4 8 7 3 5 4 1 2 0 6
12 5 7 7 3 5 1 2 0 4 6
12 5 7 7 3 5 4 1 2 6 0
12 6 6 7 3 5 1 2 4 0 6
12 7 5 7 3 5 1 2 4 6 0
13 2 11 7 0 3 5 1 2 4 6
13 2 11 7 3 4 5 0 1 2 6
13 4 9 7 3 5 6 1 2 0 4
13 3 10 7 2 3 5 1 0 4 6
13 4 9 7 2 3 5 1 4 0 6
13 5 8 7 2 3 5 1 4 6 0
14 3 11 7 3 0 5 1 2 6 4
14 5 9 0 3 5 1 7 2 4 6
12 8 4 1 3 5 0 7 2 4 6
12 9 3 1 3 5 6 7 2 4 0
13 10 3 1 3 5 7 0 2 4 6
13 10 3 1 3 5 4 7 2 0 6
13 11 2 1 3 5 7 2 0 4 6
13 11 2 1 3 5 4 7 2 6 0
13 12 1 1 3 5 7 2 4 0 6
