0 0 0 7 3 4 5 1 2 0 6
6 1 5 7 3 4 5 1 2 6 0
8 1 7 7 3 0 5 1 2 4 6
8 1 7 7 3 4 5 1 0 2 6
8 2 6 7 3 4 0 1 2 6 5
8 2 6 7 3 5 0 1 2 4 6
8 3 5 7 3 5 6 1 2 4 0
9 3 6 0 3 4 5 1 2 6 7
9 3 6 7 3 0 5 1 2 6 4
9 2 7 7 0 3 5 1 2 4 6
9 2 7 7 3 4 5 0 1 2 6
9 3 6 7 3 0 4 1 2 6 5
9 4 5 1 3 4 5 0 2 6 7
9 4 5 7 3 5 0 1 2 6 4
9 3 6 7 2 3 5 1 0 4 6
9 5 4 1 3 4 5 2 0 6 7
9 5 4 7 3 5 4 1 2 6 0
10 4 6 7 3 4 5 0 2 6 1
10 2 8 7 0 4 5 1 3 2 6
10 4 6 7 3 4 1 0 2 6 5
10 5 5 0 3 4 7 1 2 6 5
10 4 6 7 3 5 1 0 2 4 6
10 4 6 7 3 5 4 1 2 0 6
10 5 5 0 3 5 7 1 2 4 6
10 4 6 7 3 5 6 1 2 0 4
10 3 7 0 7 3 5 1 2 4 6
10 3 7 0 3 4 5 7 1 2 6
10 4 6 7 0 3 4 1 2 6 5
10 4 6 7 2 3 5 0 1 4 6
10 4 6 7 2 3 5 1 4 0 6
10 5 5 7 3 4 5 2 0 6 1
10 5 5 7 3 4 1 2 0 6 5
10 6 4 1 3 4 7 0 2 6 5
10 5 5 7 3 5 1 2 0 4 6
10 6 4 1 3 5 7 0 2 4 6
10 4 6 1 7 3 5 0 2 4 6
10 5 5 7 2 3 4 1 0 6 5
10 5 5 7 2 3 5 1 4 6 0
10 7 3 1 3 4 7 2 0 6 5
10 6 4 7 3 5 1 2 4 0 6
9 7 2 7 3 5 1 2 4 6 0
10 7 3 1 3 5 7 2 0 4 6
10 6 4 7 2 3 4 1 6 0 5
10 8 2 1 3 5 7 2 4 0 6
