0 0 0 3 2 5 4 0 6 1 7
6 1 5 0 2 5 4 3 6 1 7
7 1 6 3 2 5 4 6 0 1 7
7 3 4 3 2 5 4 7 6 1 0
7 3 4 7 2 5 4 3 6 1 0
8 2 6 3 2 5 0 4 6 1 7
8 2 6 3 0 5 4 2 6 1 7
8 2 6 2 0 5 4 3 6 1 7
8 2 6 3 2 5 4 6 1 0 7
7 3 4 3 2 5 4 6 1 7 0
8 3 5 3 2 5 7 4 6 1 0
8 3 5 0 3 5 4 2 6 1 7
9 3 6 6 2 5 4 3 0 1 7
9 2 7 3 0 5 4 6 2 1 7
9 4 5 3 2 5 4 7 6 0 1
9 4 5 7 2 5 4 3 6 0 1
9 3 6 3 2 0 5 4 6 1 7
9 3 6 3 6 5 4 2 0 1 7
9 3 6 3 5 0 4 2 6 1 7
9 3 6 2 5 0 4 3 6 1 7
9 3 6 3 2 0 4 6 1 5 7
9 5 4 7 3 5 4 2 6 1 0
9 3 6 0 3 5 4 6 2 1 7
10 4 6 4 2 5 0 3 6 1 7
10 4 6 3 2 5 0 7 6 1 4
10 5 5 0 2 5 4 7 6 1 3
10 5 5 3 2 0 4 7 6 1 5
10 4 6 7 2 5 0 3 6 1 4
10 5 5 7 2 0 4 3 6 1 5
10 4 6 3 2 5 1 4 6 0 7
9 5 4 3 2 5 1 4 6 7 0
10 3 7 2 6 5 4 3 0 1 7
10 4 6 3 2 5 0 6 1 7 4
10 5 5 0 2 5 4 6 1 7 3
10 5 5 3 2 0 4 6 1 7 5
10 4 6 3 2 5 7 4 6 0 1
10 4 6 2 3 5 4 0 6 1 7
10 5 5 6 3 5 4 2 0 1 7
10 4 6 6 2 5 4 0 3 1 7
10 4 6 6 2 5 4 3 1 0 7
9 5 4 6 2 5 4 3 1 7 0
10 3 7 3 5 0 4 6 2 1 7
10 5 5 3 2 0 4 7 6 5 1
10 5 5 7 2 0 4 3 6 5 1
10 4 6 3 2 1 5 4 6 0 7
9 5 4 3 2 1 5 4 6 7 0
10 4 6 3 6 5 4 2 1 0 7
10 4 6 3 5 1 4 2 6 0 7
9 5 4 3 5 1 4 2 6 7 0
10 4 6 2 5 1 4 3 6 0 7
9 5 4 2 5 1 4 3 6 7 0
10 4 6 6 3 5 4 0 2 1 7
10 5 5 7 3 5 4 6 2 1 0
10 5 5 4 2 5 7 3 6 1 0
10 5 5 3 2 5 7 4 0 6 1
10 5 5 3 6 5 4 2 1 7 0
10 6 4 3 2 5 7 0 4 6 1
11 6 5 7 2 5 4 0 6 1 3
11 5 6 0 2 5 3 4 6 1 7
11 6 5 3 2 5 4 0 1 7 6
11 5 6 0 2 5 7 4 6 1 3
11 5 6 3 2 0 7 4 6 1 5
11 6 5 4 3 5 0 2 6 1 7
10 7 3 4 3 5 7 2 6 1 0
11 4 7 6 0 5 4 3 2 1 7
11 5 6 3 2 5 4 7 0 6 1
11 5 6 7 2 5 4 3 0 6 1
11 4 7 3 0 2 5 4 6 1 7
11 4 7 3 6 5 4 0 2 1 7
11 4 7 3 5 4 0 2 6 1 7
10 5 5 3 5 4 7 2 6 1 0
11 4 7 2 5 4 0 3 6 1 7
11 4 7 3 0 2 4 6 1 5 7
11 4 7 3 2 4 0 6 1 5 7
11 6 5 7 3 5 0 2 6 1 4
11 6 5 7 3 5 4 2 6 0 1
11 5 6 2 3 5 4 6 0 1 7
11 5 6 4 2 0 5 3 6 1 7
11 5 6 3 2 0 5 7 6 1 4
11 6 5 7 2 5 4 0 6 1 3
11 6 5 3 2 1 4 7 6 0 5
11 5 6 7 2 0 5 3 6 1 4
11 6 5 7 2 1 4 3 6 0 5
11 5 6 3 2 0 1 4 6 5 7
11 5 6 3 2 5 1 4 0 6 7
11 6 5 3 2 5 0 4 6 7 1
11 4 7 2 6 5 4 0 3 1 7
11 4 7 2 6 5 4 3 1 0 7
10 5 5 2 6 5 4 3 1 7 0
11 5 6 3 2 0 5 6 1 7 4
11 6 5 6 2 5 4 0 1 7 3
11 7 4 1 2 5 4 6 0 7 3
11 5 6 3 2 0 7 4 6 5 1
11 5 6 2 3 5 4 6 0 1 7
11 6 5 6 3 5 4 2 1 0 7
11 5 6 0 2 5 4 6 3 1 7
11 5 6 6 2 0 4 3 1 5 7
11 4 7 3 5 1 4 6 2 0 7
10 5 5 3 5 1 4 6 2 7 0
11 6 5 3 2 1 0 4 6 7 5
11 5 6 3 5 1 4 2 0 6 7
11 6 5 3 0 5 7 4 2 6 1
11 7 4 0 2 5 7 3 4 6 1
11 8 3 3 0 5 7 2 4 6 1
11 5 6 2 5 4 7 3 6 1 0
11 5 6 3 2 4 7 6 1 5 0
11 7 4 7 3 5 4 2 0 6 1
11 7 4 3 2 1 4 7 6 5 0
11 7 4 7 2 1 4 3 6 5 0
11 6 5 3 2 5 1 0 4 6 7
11 5 6 0 6 5 4 2 3 1 7
11 8 3 1 2 5 4 0 6 7 3
11 7 4 6 3 5 4 2 1 7 0
11 7 4 0 3 5 7 4 2 6 1
11 9 2 1 2 5 7 3 4 6 0
11 9 2 0 3 5 7 2 4 6 1
11 9 2 1 3 5 7 4 2 6 0
