0 0 0 1 7 3 5 2 4 6 0
4 1 3 1 7 3 5 2 4 0 6
6 2 4 1 7 3 5 2 0 4 6
8 3 5 1 7 3 5 0 2 4 6
10 1 9 1 7 3 0 2 4 6 5
10 3 7 1 7 3 5 0 4 6 2
10 3 7 1 0 3 5 2 7 4 6
10 6 4 1 7 3 5 6 2 4 0
10 4 6 1 7 3 5 4 0 6 2
10 4 6 1 3 0 5 2 7 4 6
10 5 5 1 7 3 5 4 6 0 2
10 5 5 1 3 4 5 2 7 0 6
10 5 5 1 3 5 0 2 7 4 6
10 6 4 1 7 3 5 4 6 2 0
10 6 4 1 3 4 5 2 7 6 0
10 6 4 1 3 5 6 2 7 4 0
11 5 6 1 7 3 0 5 2 4 6
11 5 6 1 0 3 5 7 2 4 6
11 3 8 1 7 3 2 0 4 6 5
9 6 3 1 7 3 2 5 4 6 0
11 3 8 1 7 3 6 2 4 0 5
11 7 4 1 3 5 2 0 7 4 6
11 7 4 1 3 5 4 2 7 0 6
11 6 5 1 7 3 6 5 2 4 0
11 6 5 1 2 3 5 7 0 4 6
11 6 5 1 3 0 5 7 2 4 6
11 4 7 1 7 3 2 4 0 6 5
11 7 4 1 7 3 2 5 4 0 6
11 4 7 1 7 3 6 2 4 5 0
11 8 3 1 3 5 2 7 0 4 6
11 8 3 1 3 5 4 2 7 6 0
11 7 4 1 2 3 5 7 4 0 6
11 7 4 1 3 4 5 7 2 0 6
11 7 4 1 3 5 0 7 2 4 6
11 5 6 1 7 3 2 4 6 0 5
11 9 2 1 3 5 2 7 4 0 6
11 8 3 1 2 3 5 7 4 6 0
11 8 3 1 3 4 5 7 2 6 0
11 8 3 1 3 5 6 7 2 4 0
11 6 5 1 7 3 2 4 6 5 0
11 10 1 1 3 5 2 7 4 6 0
12 2 10 1 7 0 5 2 4 3 6
12 2 10 1 7 0 3 2 4 6 5
12 4 8 0 1 3 5 2 7 4 6
11 6 5 7 1 3 5 2 0 4 6
11 7 4 7 1 3 5 2 4 0 6
11 8 3 7 1 3 5 2 4 6 0
12 7 5 1 7 3 5 6 2 0 4
12 6 6 1 3 4 5 2 0 7 6
12 7 5 1 3 5 6 2 7 0 4
12 7 5 1 7 3 4 5 2 0 6
12 9 3 1 3 5 7 0 2 4 6
12 9 3 1 3 5 4 7 2 0 6
12 3 9 1 7 5 0 2 4 3 6
9 5 4 1 7 5 3 2 4 0 6
9 6 3 1 7 5 3 2 4 6 0
11 6 5 1 7 5 3 2 0 4 6
12 3 9 1 7 6 3 2 4 0 5
12 5 7 2 1 3 5 0 7 4 6
12 8 4 1 7 3 4 5 2 6 0
12 10 2 1 3 5 7 2 0 4 6
12 10 2 1 3 5 4 7 2 6 0
12 4 8 1 7 5 6 2 4 3 0
12 4 8 1 7 6 3 2 4 5 0
12 6 6 2 1 3 5 7 0 4 6
12 8 4 2 1 3 5 6 7 4 0
12 11 1 1 3 5 7 2 4 0 6
12 7 5 2 1 3 5 7 4 0 6
