0 0 0 6 4 2 5 1 0 7 3
14 1 13 6 4 2 5 1 7 0 3
14 2 12 6 4 2 5 1 7 3 0
16 1 15 6 4 2 5 0 1 7 3
16 4 12 6 4 2 5 3 1 7 0
18 1 17 6 0 2 5 1 4 7 3
18 3 15 6 4 2 0 1 7 3 5
17 5 12 6 4 2 3 1 7 0 5
17 6 11 6 4 2 3 1 7 5 0
18 2 16 0 4 2 5 6 1 7 3
11 4 7 3 4 2 5 6 1 7 0
11 4 7 1 4 2 5 6 0 7 3
11 5 6 1 4 2 5 6 7 0 3
11 6 5 1 4 2 5 6 7 3 0
13 5 8 3 4 2 5 6 1 0 7
13 5 8 1 4 2 5 0 6 7 3
11 8 3 1 4 2 5 3 6 7 0
13 9 4 1 4 2 5 3 6 0 7
15 6 9 3 4 2 5 6 0 1 7
15 10 5 1 4 2 5 3 0 6 7
16 7 9 1 4 2 0 5 6 7 3
10 8 2 1 4 2 3 5 6 7 0
12 9 3 1 4 2 3 5 6 0 7
14 10 4 1 4 2 3 5 0 6 7
16 11 5 1 4 2 3 0 5 6 7
17 5 12 3 4 2 0 6 1 7 5
17 7 10 3 4 2 5 0 1 7 6
17 5 12 1 0 2 5 6 4 7 3
17 7 10 1 4 2 0 6 7 3 5
14 9 5 1 4 2 3 6 7 0 5
14 10 4 1 4 2 3 6 7 5 0
16 10 6 1 4 2 3 6 0 7 5
17 9 8 1 4 2 5 0 7 3 6
17 9 8 1 4 2 0 3 6 7 5
17 7 10 3 4 2 5 0 6 1 7
17 11 6 1 4 2 5 0 3 6 7
17 9 8 1 4 2 7 5 6 0 3
17 8 9 3 4 2 5 1 0 7 6
17 6 11 1 2 0 5 6 4 7 3
17 10 7 1 4 2 5 7 0 3 6
17 10 7 1 4 2 7 5 6 3 0
17 9 8 3 4 2 5 1 7 0 6
17 7 10 1 2 7 5 6 4 0 3
17 7 10 1 2 5 0 6 4 7 3
11 8 3 1 2 5 3 6 4 7 0
13 9 4 1 2 5 3 6 4 0 7
15 10 5 1 2 5 3 6 0 4 7
17 11 6 1 4 2 5 7 3 0 6
17 10 7 3 4 2 5 1 7 6 0
17 8 9 1 2 7 5 6 4 3 0
17 11 6 1 2 5 3 0 4 7 6
17 10 7 1 2 0 3 6 4 5 7
17 11 6 1 2 5 3 0 6 4 7
17 12 5 1 4 2 5 7 3 6 0
17 12 5 1 2 5 3 4 0 7 6
17 11 6 1 2 3 0 6 4 5 7
16 13 3 1 2 3 5 6 4 0 7
16 14 2 1 2 3 5 6 4 7 0
17 13 4 1 2 5 3 4 7 0 6
17 12 5 1 2 3 7 6 4 5 0
17 14 3 1 2 5 3 4 7 6 0
18 5 13 6 4 2 5 3 1 0 7
18 2 16 6 2 0 5 1 4 7 3
18 3 15 4 0 2 5 6 1 7 3
12 4 8 4 1 2 5 6 0 7 3
12 5 7 4 1 2 5 6 7 0 3
12 6 6 4 1 2 5 6 7 3 0
14 5 9 4 1 2 5 0 6 7 3
12 8 4 4 1 2 5 3 6 7 0
14 9 5 4 1 2 5 3 6 0 7
16 10 6 4 1 2 5 3 0 6 7
17 7 10 4 1 2 0 5 6 7 3
11 8 3 4 1 2 3 5 6 7 0
13 9 4 4 1 2 3 5 6 0 7
15 10 5 4 1 2 3 5 0 6 7
17 11 6 4 1 2 3 0 5 6 7
18 7 11 1 0 2 5 4 6 7 3
18 8 10 1 4 0 2 5 6 7 3
18 11 7 1 4 2 3 0 6 7 5
18 11 7 1 0 2 3 5 4 6 7
18 14 4 1 4 2 3 7 5 6 0
18 7 11 3 4 2 6 0 1 7 5
18 7 11 3 4 2 7 6 1 0 5
18 9 9 1 4 2 6 0 7 3 5
18 11 7 1 4 2 3 0 6 7 5
18 11 7 1 4 2 3 0 6 7 5
18 11 7 1 4 2 7 3 6 0 5
18 9 9 1 2 5 6 0 4 7 3
16 12 4 1 2 5 6 3 4 7 0
18 9 9 1 2 5 7 6 4 0 3
18 10 8 1 2 0 3 6 4 7 5
18 13 5 1 2 3 6 0 4 5 7
18 14 4 1 2 3 5 6 0 4 7
18 3 15 6 2 7 5 1 4 0 3
18 3 15 6 2 5 0 1 4 7 3
14 4 10 6 2 5 3 1 4 7 0
16 5 11 6 2 5 3 1 4 0 7
18 4 14 4 2 0 5 6 1 7 3
18 7 11 4 1 2 0 6 7 3 5
15 9 6 4 1 2 3 6 7 0 5
15 10 5 4 1 2 3 6 7 5 0
17 10 7 4 1 2 3 6 0 7 5
18 9 9 4 1 2 5 0 7 3 6
18 6 12 0 1 2 5 4 6 7 3
11 8 3 3 1 2 5 4 6 7 0
13 9 4 3 1 2 5 4 6 0 7
15 10 5 3 1 2 5 4 0 6 7
17 9 8 3 1 2 0 4 6 7 5
17 11 6 3 1 2 5 0 4 6 7
17 14 3 3 1 2 5 7 4 6 0
18 9 9 4 1 2 0 3 6 7 5
18 11 7 4 1 2 5 0 3 6 7
18 9 9 4 1 2 7 5 6 0 3
18 8 10 1 6 2 5 4 0 7 3
18 8 10 1 2 0 5 4 6 7 3
18 9 9 1 4 7 2 5 6 0 3
18 12 6 1 2 0 3 5 4 6 7
18 8 10 3 4 2 6 1 0 7 5
18 10 8 3 4 2 6 5 1 7 0
18 8 10 3 4 2 7 6 1 5 0
18 10 8 1 4 2 6 7 0 3 5
18 12 6 1 4 2 6 5 7 3 0
18 12 6 1 4 2 7 3 6 5 0
18 10 8 1 2 5 6 4 0 7 3
18 13 5 1 2 5 6 3 4 0 7
18 10 8 1 2 5 7 6 4 3 0
18 11 7 1 2 7 3 6 4 0 5
18 11 7 1 2 3 0 6 4 7 5
18 14 4 1 2 3 6 4 0 5 7
18 4 14 6 2 7 5 1 4 3 0
18 6 12 6 2 0 3 1 4 5 7
18 6 12 6 2 5 3 1 0 4 7
18 5 13 4 2 7 5 6 1 0 3
18 5 13 4 2 5 0 6 1 7 3
14 6 8 4 2 5 3 6 1 7 0
16 7 9 4 2 5 3 6 1 0 7
18 10 8 4 1 2 5 7 0 3 6
18 11 7 3 1 2 4 0 6 7 5
16 14 2 3 1 2 4 5 6 7 0
18 11 7 3 1 2 7 4 6 0 5
18 10 8 4 1 2 7 5 6 3 0
18 9 9 1 6 2 5 4 7 0 3
18 9 9 1 2 7 5 4 6 0 3
18 9 9 1 2 5 0 4 6 7 3
12 10 2 1 2 5 3 4 6 7 0
14 11 3 1 2 5 3 4 6 0 7
16 12 4 1 2 5 3 4 0 6 7
18 10 8 1 4 7 2 5 6 3 0
18 13 5 1 2 6 3 5 4 0 7
18 13 5 1 2 3 0 5 4 6 7
18 9 9 3 4 2 6 1 7 0 5
18 11 7 1 4 2 6 7 3 0 5
18 11 7 1 2 5 6 4 7 0 3
18 12 6 1 2 7 3 6 4 5 0
18 15 3 1 2 3 6 4 5 0 7
18 7 11 6 2 3 0 1 4 5 7
18 6 12 4 2 7 5 6 1 3 0
18 8 10 4 2 5 3 6 0 1 7
18 11 7 4 1 2 5 7 3 0 6
18 12 6 3 1 2 4 6 0 7 5
18 15 3 3 1 2 4 5 6 0 7
18 12 6 3 1 2 7 4 6 5 0
18 10 8 1 6 2 5 4 7 3 0
18 10 8 1 2 7 5 4 6 3 0
18 12 6 1 2 0 3 4 6 5 7
18 13 5 1 2 5 3 0 4 6 7
18 14 4 1 2 6 3 5 4 7 0
18 14 4 1 2 3 7 5 4 6 0
18 10 8 3 4 2 6 1 7 5 0
18 12 6 1 4 2 6 7 3 5 0
18 12 6 1 2 5 6 4 7 3 0
18 16 2 1 2 3 6 4 5 7 0
18 8 10 6 2 3 7 1 4 5 0
18 12 6 4 1 2 5 7 3 6 0
18 13 5 3 1 2 4 6 7 0 5
18 13 5 1 2 3 0 4 6 5 7
17 15 2 1 2 3 5 4 6 0 7
17 16 1 1 2 3 5 4 6 7 0
18 14 4 3 1 2 4 6 7 5 0
18 14 4 1 2 3 7 4 6 5 0
19 4 15 0 4 2 5 1 7 3 6
19 3 16 6 4 2 0 5 1 7 3
15 4 11 6 4 2 3 5 1 7 0
17 5 12 6 4 2 3 5 1 0 7
19 5 14 6 4 2 1 0 7 3 5
19 6 13 6 4 2 3 1 0 7 5
19 6 13 1 4 0 5 6 7 2 3
19 6 13 3 4 0 5 6 1 2 7
19 11 8 1 0 2 5 3 4 6 7
19 13 6 1 4 2 0 3 5 6 7
19 13 6 1 0 2 3 4 5 6 7
19 6 13 3 4 0 2 6 1 7 5
19 6 13 0 1 2 5 6 4 7 3
12 8 4 3 1 2 5 6 4 7 0
14 9 5 3 1 2 5 6 4 0 7
16 10 6 3 1 2 5 6 0 4 7
18 9 9 3 1 2 0 6 4 7 5
18 11 7 3 1 2 5 0 4 7 6
18 11 7 3 1 2 5 0 6 4 7
18 12 6 3 1 2 5 4 0 7 6
18 14 4 3 1 2 5 7 6 4 0
18 13 5 3 1 2 5 4 7 0 6
18 14 4 3 1 2 5 4 7 6 0
19 8 11 1 4 0 2 6 7 3 5
15 9 6 1 4 3 2 6 7 0 5
15 10 5 1 4 3 2 6 7 5 0
17 10 7 1 4 3 2 6 0 7 5
19 10 9 1 4 0 2 3 6 7 5
19 10 9 3 4 2 5 7 6 1 0
19 14 5 1 4 2 5 7 3 6 0
19 10 9 1 4 2 7 5 0 6 3
19 11 8 1 4 2 0 5 6 3 7
19 8 11 1 2 7 5 6 0 4 3
19 11 8 1 0 2 3 6 4 5 7
17 12 5 1 4 2 3 6 0 5 7
17 13 4 1 4 2 3 6 5 0 7
17 14 3 1 4 2 3 6 5 7 0
19 14 5 1 2 5 3 7 6 4 0
19 13 6 1 2 3 7 6 4 0 5
19 8 11 4 1 0 2 5 6 7 3
19 11 8 4 1 2 3 0 6 7 5
19 12 7 0 1 2 3 4 5 6 7
19 14 5 4 1 2 3 7 5 6 0
19 5 14 6 2 5 1 0 4 7 3
17 8 9 6 2 5 1 3 4 7 0
19 5 14 6 2 5 7 1 4 0 3
19 6 13 0 2 5 3 1 4 7 6
18 8 10 4 2 5 3 1 0 7 6
18 9 9 4 2 5 3 1 7 0 6
18 10 8 4 2 5 3 1 7 6 0
19 6 13 6 2 0 3 1 4 7 5
19 9 10 4 1 2 6 0 7 3 5
19 11 8 4 1 2 3 0 6 7 5
19 8 11 6 1 2 5 4 0 7 3
19 11 8 3 1 2 5 0 6 7 4
19 10 9 3 1 0 2 4 6 7 5
17 11 6 3 1 7 2 4 6 0 5
17 12 5 3 1 7 2 4 6 5 0
19 15 4 3 1 2 5 7 4 0 6
19 11 8 4 1 2 3 0 6 7 5
19 11 8 4 1 2 7 3 6 0 5
19 13 6 1 2 3 6 0 4 7 5
19 13 6 1 2 3 7 6 4 0 5
19 7 12 4 2 5 6 0 1 7 3
19 7 12 4 2 5 7 6 1 0 3
19 11 8 1 2 5 4 0 6 7 3
17 14 3 1 2 5 4 3 6 7 0
19 11 8 1 2 5 7 4 6 0 3
19 12 7 1 2 0 3 4 6 7 5
19 15 4 1 2 3 5 0 4 6 7
19 15 4 1 2 3 6 5 4 0 7
19 9 10 6 2 3 1 0 4 5 7
19 9 10 6 2 3 5 1 4 0 7
19 15 4 1 2 3 4 0 6 5 7
19 16 3 1 2 3 5 4 0 6 7
19 5 14 4 0 2 5 1 7 3 6
19 6 13 6 4 2 3 5 0 1 7
19 6 13 6 4 2 1 7 0 3 5
19 8 11 6 4 2 1 5 7 3 0
19 7 12 1 4 5 0 6 7 2 3
15 8 7 1 4 5 3 6 7 2 0
16 9 7 1 4 5 2 6 7 0 3
16 10 6 1 4 5 2 6 7 3 0
17 9 8 1 4 5 3 6 7 0 2
18 10 8 1 4 5 2 6 0 7 3
19 7 12 3 4 5 0 6 1 2 7
17 8 9 3 4 5 7 6 1 2 0
18 9 9 3 4 5 2 6 1 0 7
18 10 8 3 4 5 2 6 1 7 0
19 12 7 1 2 0 5 3 4 6 7
19 14 5 1 4 2 7 3 5 6 0
19 14 5 1 5 2 3 4 0 6 7
19 14 5 1 2 0 3 4 5 6 7
19 7 12 3 4 7 2 6 1 0 5
19 7 12 6 1 2 5 0 4 7 3
17 10 7 6 1 2 5 3 4 7 0
19 11 8 3 1 2 6 0 4 7 5
19 11 8 3 1 2 7 6 4 0 5
19 11 8 1 4 3 2 0 6 7 5
17 14 3 1 4 3 2 5 6 7 0
19 11 8 1 4 7 2 3 6 0 5
19 13 6 1 4 2 3 0 6 5 7
19 9 10 4 1 7 2 5 6 0 3
19 6 13 6 2 5 1 4 0 7 3
19 9 10 6 2 5 1 3 4 0 7
19 6 13 6 2 5 7 1 4 3 0
19 7 12 2 0 5 3 1 4 7 6
17 8 9 2 4 5 3 1 0 7 6
17 9 8 2 4 5 3 1 7 0 6
17 10 7 2 4 5 3 1 7 6 0
19 9 10 3 2 5 0 1 4 7 6
17 10 7 3 2 5 6 1 4 7 0
18 11 7 3 2 5 7 1 4 0 6
18 12 6 3 2 5 7 1 4 6 0
19 7 12 6 2 7 3 1 4 0 5
19 7 12 6 2 3 0 1 4 7 5
17 8 9 6 2 3 5 1 4 7 0
19 10 9 4 1 2 6 7 0 3 5
19 12 7 4 1 2 6 5 7 3 0
19 9 10 6 1 2 5 4 7 0 3
19 12 7 3 1 2 5 6 0 7 4
19 12 7 3 1 7 2 4 0 6 5
19 12 7 4 1 2 7 3 6 5 0
19 14 5 1 2 3 6 4 0 7 5
19 16 3 1 2 3 6 5 4 7 0
19 8 11 4 2 5 6 1 0 7 3
19 10 9 4 2 5 6 3 1 7 0
19 8 11 4 2 5 7 6 1 3 0
19 12 7 1 2 5 4 6 0 7 3
19 15 4 1 2 5 4 3 6 0 7
19 12 7 1 2 5 7 4 6 3 0
19 13 6 1 2 7 3 4 6 0 5
19 13 6 1 2 3 0 4 6 7 5
19 16 3 1 2 3 5 4 0 6 7
19 16 3 1 2 3 6 5 4 7 0
19 10 9 6 2 3 1 4 0 5 7
19 10 9 6 2 3 5 1 4 7 0
19 16 3 1 2 3 4 6 0 5 7
19 6 13 4 7 2 5 1 0 3 6
19 6 13 4 2 0 5 1 7 3 6
15 7 8 4 2 3 5 1 7 0 6
15 8 7 4 2 3 5 1 7 6 0
17 8 9 4 2 3 5 1 0 7 6
19 7 12 6 4 2 1 7 3 0 5
19 11 8 1 4 5 3 0 7 2 6
19 10 9 1 4 5 3 6 0 7 2
19 9 10 3 4 5 7 6 1 0 2
19 13 6 1 2 6 5 3 4 0 7
19 13 6 1 2 5 0 3 4 6 7
19 15 4 1 5 2 3 4 6 0 7
19 15 4 1 2 6 3 4 5 0 7
19 15 4 1 2 3 0 4 5 6 7
19 8 11 3 4 7 2 6 1 5 0
19 11 8 6 1 2 5 3 4 0 7
19 12 7 3 1 2 6 4 0 7 5
19 14 5 3 1 2 6 5 4 7 0
19 12 7 3 1 2 7 6 4 5 0
19 15 4 1 4 3 2 5 6 0 7
19 12 7 1 4 7 2 3 6 5 0
19 10 9 4 1 7 2 5 6 3 0
19 7 12 6 2 5 1 4 7 0 3
19 8 11 2 5 0 3 1 4 7 6
19 9 10 2 4 5 3 0 1 7 6
19 11 8 3 2 5 6 1 4 0 7
19 8 11 6 2 7 3 1 4 5 0
19 11 8 4 1 2 6 7 3 0 5
19 10 9 6 1 2 5 4 7 3 0
19 13 6 3 1 2 5 6 7 0 4
19 15 4 1 2 3 6 4 7 0 5
19 9 10 4 2 5 6 1 7 0 3
19 13 6 1 2 5 4 6 7 0 3
19 14 5 1 2 7 3 4 6 5 0
19 11 8 6 2 3 1 4 5 0 7
19 17 2 1 2 3 4 6 5 0 7
19 7 12 4 7 2 5 1 3 0 6
19 7 12 4 2 5 0 1 7 3 6
17 8 9 4 2 5 6 1 7 3 0
19 9 10 4 2 3 5 0 1 7 6
19 8 11 6 4 2 1 7 3 5 0
19 12 7 1 4 5 3 7 0 2 6
19 14 5 1 2 6 5 3 4 7 0
19 14 5 1 2 5 7 3 4 6 0
19 16 3 1 5 2 3 4 6 7 0
19 16 3 1 2 6 3 4 5 7 0
19 16 3 1 2 3 7 4 5 6 0
19 13 6 3 1 2 6 4 7 0 5
19 8 11 6 2 5 1 4 7 3 0
19 9 10 2 5 7 3 1 4 0 6
19 9 10 2 5 3 0 1 4 7 6
17 10 7 2 5 3 6 1 4 7 0
19 12 7 2 4 5 3 6 1 7 0
19 12 7 4 1 2 6 7 3 5 0
19 14 5 3 1 2 5 6 7 4 0
19 16 3 1 2 3 6 4 7 5 0
19 10 9 4 2 5 6 1 7 3 0
19 14 5 1 2 5 4 6 7 3 0
19 12 7 6 2 3 1 4 5 7 0
19 18 1 1 2 3 4 6 5 7 0
19 8 11 4 7 2 5 1 3 6 0
19 12 7 4 2 3 5 6 1 7 0
19 13 6 1 4 5 3 7 2 0 6
19 14 5 3 1 2 6 4 7 5 0
19 10 9 2 5 7 3 1 4 6 0
19 11 8 2 5 3 6 1 4 0 7
19 14 5 1 4 5 3 7 2 6 0
20 2 18 6 4 0 5 1 7 2 3
20 5 15 6 4 2 0 3 1 7 5
20 2 18 0 6 2 5 1 4 7 3
13 4 9 3 6 2 5 1 4 7 0
14 3 11 1 6 2 5 0 4 7 3
12 6 6 1 6 2 5 3 4 7 0
14 7 7 1 6 2 5 3 4 0 7
15 5 10 3 6 2 5 1 4 0 7
16 7 9 1 6 2 0 3 4 7 5
16 8 8 1 6 2 5 3 0 4 7
17 4 13 4 6 2 5 1 0 7 3
17 5 12 3 6 2 0 1 4 7 5
17 5 12 1 6 2 0 5 4 7 3
11 6 5 1 6 2 3 5 4 7 0
13 7 6 1 6 2 3 5 4 0 7
15 8 7 1 6 2 3 5 0 4 7
17 6 11 3 6 2 5 1 0 4 7
17 9 8 1 6 2 3 0 4 7 5
17 9 8 1 6 2 7 3 4 0 5
17 5 12 4 6 2 5 1 7 0 3
17 9 8 1 6 2 3 0 4 7 5
17 9 8 1 0 2 3 5 6 4 7
17 9 8 1 6 2 3 0 5 4 7
17 10 7 1 6 2 3 4 0 7 5
17 10 7 1 6 2 7 3 4 5 0
17 6 11 4 6 2 5 1 7 3 0
17 10 7 1 6 2 3 4 0 7 5
17 10 7 1 2 0 3 5 6 4 7
13 11 2 1 2 4 3 5 6 0 7
13 12 1 1 2 4 3 5 6 7 0
15 12 3 1 2 4 3 5 0 6 7
17 11 6 1 6 2 3 4 7 0 5
17 11 6 1 6 2 3 4 7 0 5
17 11 6 1 2 3 0 5 6 4 7
14 13 1 1 2 3 4 5 6 0 7
