0 0 0 1 3 6 5 2 0 7 4
7 1 6 1 3 6 5 2 7 0 4
7 2 5 1 3 6 5 2 7 4 0
9 1 8 1 3 6 5 0 2 7 4
9 2 7 1 3 0 5 2 7 6 4
9 3 6 1 3 5 0 2 7 6 4
7 4 3 1 3 5 4 2 7 6 0
9 5 4 1 3 5 4 2 7 0 6
10 4 6 1 3 0 5 2 7 4 6
10 5 5 1 3 5 2 0 7 6 4
10 5 5 1 3 5 6 2 7 0 4
10 5 5 1 3 4 5 2 7 0 6
10 5 5 1 3 5 0 2 7 4 6
10 6 4 1 3 5 2 7 0 6 4
10 8 2 1 3 5 2 4 7 6 0
10 6 4 1 3 5 6 2 7 4 0
10 6 4 1 3 4 5 2 7 6 0
10 6 4 1 3 5 6 2 7 4 0
10 7 3 1 3 5 2 7 6 0 4
10 8 2 1 3 5 2 7 6 4 0
11 4 7 1 3 6 5 4 2 7 0
11 3 8 1 0 3 5 2 7 6 4
9 4 5 1 7 3 5 2 0 6 4
9 5 4 1 7 3 5 2 6 0 4
9 6 3 1 7 3 5 2 6 4 0
11 6 5 1 3 5 4 2 0 7 6
11 7 4 1 3 5 2 0 7 4 6
11 5 6 1 7 3 5 0 2 6 4
11 8 3 1 3 5 2 7 0 4 6
11 8 3 1 7 3 5 4 2 6 0
11 9 2 1 3 5 2 7 4 0 6
11 10 1 1 3 5 2 7 4 6 0
12 3 9 1 3 6 0 5 2 7 4
10 4 6 1 3 6 4 5 2 7 0
11 5 6 1 3 6 7 5 2 0 4
11 6 5 1 3 6 7 5 2 4 0
12 5 7 1 0 3 5 2 7 4 6
10 6 4 1 7 3 5 2 0 4 6
10 7 3 1 7 3 5 2 4 0 6
10 8 2 1 7 3 5 2 4 6 0
12 6 6 1 3 5 6 2 0 7 4
12 6 6 1 3 4 5 2 0 7 6
12 9 3 1 3 5 2 4 7 0 6
12 5 7 1 3 6 4 5 2 0 7
12 7 5 1 7 3 5 0 2 4 6
13 3 10 1 3 6 0 2 7 4 5
12 5 7 1 3 6 4 2 7 0 5
12 6 6 1 3 6 4 2 7 5 0
13 5 8 1 3 6 5 0 7 4 2
13 7 6 1 3 5 4 0 7 6 2
13 5 8 1 3 6 5 4 2 0 7
13 4 9 0 1 3 5 2 7 6 4
12 6 6 4 1 3 5 2 7 6 0
12 6 6 7 1 3 5 2 0 6 4
12 7 5 7 1 3 5 2 6 0 4
12 8 4 7 1 3 5 2 6 4 0
13 7 6 1 3 5 4 0 2 7 6
13 10 3 1 3 5 2 6 7 4 0
13 9 4 1 7 3 5 4 2 0 6
13 6 7 1 3 0 7 5 2 6 4
13 6 7 1 3 6 7 5 0 2 4
13 6 7 1 3 6 5 7 0 4 2
13 8 5 1 3 5 4 7 0 6 2
13 5 8 2 1 3 5 0 7 6 4
11 8 3 2 1 3 5 4 7 6 0
13 7 6 1 3 7 0 5 2 6 4
11 8 3 1 3 7 4 5 2 6 0
13 7 6 1 3 6 5 7 4 0 2
13 9 4 1 3 5 4 7 6 0 2
13 6 7 2 1 3 5 7 0 6 4
13 9 4 2 1 3 5 4 7 0 6
13 9 4 1 3 7 4 5 2 0 6
13 8 5 1 3 6 5 7 4 2 0
13 10 3 1 3 5 4 7 6 2 0
13 7 6 2 1 3 5 7 6 0 4
13 8 5 2 1 3 5 7 6 4 0
14 6 8 1 3 0 5 4 2 7 6
10 7 3 1 3 7 5 4 2 0 6
10 8 2 1 3 7 5 4 2 6 0
12 8 4 1 3 7 5 4 0 2 6
14 7 7 1 7 3 0 5 2 6 4
12 8 4 1 7 3 4 5 2 6 0
14 7 7 1 0 3 5 7 2 6 4
14 4 10 1 3 0 6 5 2 7 4
10 5 5 1 3 7 6 5 2 0 4
10 6 4 1 3 7 6 5 2 4 0
12 6 6 1 3 7 6 5 0 2 4
12 7 5 1 3 7 0 5 2 4 6
13 9 4 1 3 7 5 0 2 4 6
13 10 3 1 3 7 5 2 0 4 6
13 11 2 1 3 7 5 2 4 0 6
13 12 1 1 3 7 5 2 4 6 0
14 8 6 1 3 0 7 5 2 4 6
14 6 8 0 1 3 5 2 7 4 6
13 8 5 7 1 3 5 2 0 4 6
13 9 4 7 1 3 5 2 4 0 6
13 10 3 7 1 3 5 2 4 6 0
14 7 7 1 3 5 6 0 2 7 4
14 7 7 1 3 4 5 0 2 7 6
14 10 4 1 3 5 2 4 0 7 6
14 6 8 1 3 0 4 5 2 6 7
14 6 8 1 3 6 4 5 0 2 7
14 10 4 1 7 3 5 6 2 4 0
14 5 9 1 3 6 2 0 7 4 5
14 6 8 1 3 6 4 2 0 7 5
14 7 7 4 1 3 5 2 7 0 6
14 7 7 7 1 3 5 0 2 6 4
14 9 5 1 3 7 5 0 2 6 4
14 9 5 1 3 7 6 5 2 0 4
14 7 7 1 3 5 0 4 2 7 6
11 9 2 1 3 5 7 4 2 0 6
11 10 1 1 3 5 7 4 2 6 0
13 10 3 1 3 5 7 4 0 2 6
14 9 5 1 3 7 5 0 4 2 6
14 9 5 1 7 3 4 5 2 0 6
14 8 6 1 2 3 5 7 0 6 4
14 8 6 1 3 0 5 7 2 6 4
14 7 7 1 3 7 6 0 5 2 4
14 8 6 1 3 0 7 5 2 4 6
14 9 5 1 3 4 7 5 2 0 6
14 7 7 2 1 3 5 0 7 4 6
14 10 4 1 3 4 5 6 2 7 0
14 7 7 1 3 4 0 5 2 6 7
12 8 4 1 3 4 7 5 2 6 0
14 6 8 1 3 6 2 7 0 4 5
14 8 6 1 3 6 2 5 7 4 0
14 10 4 7 1 3 5 4 2 6 0
14 10 4 1 3 7 5 2 0 6 4
14 8 6 1 3 5 6 4 2 7 0
14 9 5 1 2 3 5 7 6 0 4
14 9 5 1 3 6 5 7 2 0 4
14 9 5 1 3 5 0 7 2 6 4
12 10 2 1 3 5 4 7 2 6 0
14 9 5 1 3 4 7 5 2 0 6
14 10 4 1 3 4 7 5 2 6 0
14 8 6 2 1 3 5 7 0 4 6
14 10 4 2 1 3 5 6 7 4 0
14 7 7 1 3 6 2 7 4 0 5
14 11 3 1 3 7 5 2 6 0 4
14 10 4 1 2 3 5 7 6 4 0
14 10 4 1 3 6 5 7 2 4 0
14 11 3 1 3 5 4 7 2 0 6
14 9 5 2 1 3 5 7 4 0 6
14 8 6 1 3 6 2 7 4 5 0
14 12 2 1 3 7 5 2 6 4 0
14 10 4 2 1 3 5 7 4 6 0
15 1 14 1 0 6 5 2 3 7 4
15 6 9 1 3 0 4 2 7 5 6
15 5 10 1 3 6 0 4 2 7 5
15 6 9 1 3 0 4 5 2 7 6
15 9 6 1 7 3 0 5 2 4 6
15 9 6 1 0 3 5 7 2 4 6
15 4 11 1 3 0 6 2 7 4 5
11 5 6 1 3 4 6 2 7 0 5
11 6 5 1 3 4 6 2 7 5 0
13 6 7 1 3 4 6 2 0 7 5
15 6 9 1 3 0 5 4 2 6 7
15 6 9 1 3 6 5 4 0 2 7
15 7 8 5 1 3 0 2 7 6 4
13 8 5 5 1 3 4 2 7 6 0
15 10 5 1 3 5 4 6 2 7 0
15 11 4 1 3 5 2 6 7 0 4
15 10 5 1 7 3 5 4 0 2 6
15 7 8 1 0 3 7 5 2 6 4
15 7 8 1 3 6 7 0 5 2 4
15 8 7 1 3 0 5 7 4 6 2
15 10 5 2 1 3 5 4 0 7 6
15 10 5 1 3 7 4 5 0 2 6
15 9 6 1 7 3 6 5 2 0 4
15 12 3 1 3 7 5 6 2 4 0
15 8 7 6 1 3 5 2 7 4 0
15 9 6 7 1 3 5 0 2 4 6
15 11 4 1 3 5 7 0 4 2 6
15 9 6 1 3 4 5 0 2 6 7
15 9 6 1 3 4 6 5 2 0 7
15 11 4 1 3 5 7 0 2 6 4
15 11 4 1 3 5 6 7 2 0 4
15 2 13 1 6 0 5 2 3 7 4
13 3 10 1 6 7 5 2 3 0 4
13 4 9 1 6 7 5 2 3 4 0
15 7 8 1 3 4 0 2 7 5 6
15 7 8 1 3 4 0 5 2 7 6
13 8 5 1 3 4 6 5 2 7 0
15 10 5 1 7 3 6 5 2 4 0
15 10 5 1 2 3 5 7 0 4 6
15 10 5 1 3 0 5 7 2 4 6
15 7 8 1 3 4 0 2 7 5 6
15 7 8 1 3 4 6 0 2 7 5
15 7 8 1 3 5 0 4 2 6 7
15 9 6 5 1 3 4 2 7 0 6
15 8 7 1 2 3 7 5 0 6 4
15 9 6 1 3 5 0 7 4 6 2
15 10 5 1 7 3 6 5 2 4 0
15 10 5 1 3 4 5 2 0 6 7
15 12 3 1 3 4 5 7 2 6 0
15 10 5 1 3 4 6 5 2 7 0
15 12 3 1 3 5 7 2 0 6 4
15 12 3 1 3 5 6 7 2 4 0
15 3 12 1 6 5 0 2 3 7 4
13 4 9 1 6 5 4 2 3 7 0
14 5 9 1 6 5 7 2 3 0 4
14 6 8 1 6 5 7 2 3 4 0
15 4 11 1 6 7 5 2 0 3 4
15 11 4 1 2 3 5 7 4 0 6
15 11 4 1 3 4 5 7 2 0 6
15 11 4 1 3 5 0 7 2 4 6
15 9 6 1 2 3 7 5 6 0 4
15 11 4 1 3 4 5 2 6 0 7
15 13 2 1 3 5 7 2 6 0 4
15 5 10 1 6 5 4 2 3 0 7
15 12 3 1 2 3 5 7 4 6 0
15 10 5 1 2 3 7 5 6 4 0
15 12 3 1 3 4 5 2 6 7 0
15 14 1 1 3 5 7 2 6 4 0
16 3 13 1 0 6 5 3 2 7 4
12 4 8 1 2 6 5 3 0 7 4
12 5 7 1 2 6 5 3 7 0 4
12 6 6 1 2 6 5 3 7 4 0
14 5 9 1 2 6 5 0 3 7 4
14 8 6 1 2 6 5 4 3 7 0
16 6 10 1 3 0 4 2 7 6 5
16 9 7 1 3 5 0 4 7 6 2
16 9 7 1 3 5 6 0 7 4 2
16 7 9 1 3 4 0 2 7 6 5
16 9 7 1 3 4 5 0 7 6 2
16 9 7 1 3 5 6 0 7 4 2
16 9 7 1 3 5 0 7 6 4 2
16 7 9 1 3 6 4 0 2 7 5
16 6 10 1 3 0 4 2 7 6 5
16 7 9 1 3 6 0 5 7 4 2
16 9 7 1 3 5 0 4 7 6 2
16 9 7 1 3 5 0 4 2 7 6
16 7 9 2 1 3 0 5 7 6 4
10 8 2 2 1 3 4 5 7 6 0
12 9 3 2 1 3 4 5 7 0 6
14 10 4 2 1 3 4 5 0 7 6
15 9 6 2 1 3 6 5 7 0 4
15 10 5 2 1 3 6 5 7 4 0
16 10 6 1 3 0 5 7 4 2 6
14 11 3 1 3 2 5 7 4 0 6
14 12 2 1 3 2 5 7 4 6 0
16 7 9 1 0 3 5 4 2 7 6
12 8 4 1 2 3 5 4 0 7 6
12 9 3 1 2 3 5 4 7 0 6
12 10 2 1 2 3 5 4 7 6 0
14 9 5 1 2 3 5 0 4 7 6
14 12 2 1 2 3 5 6 4 7 0
16 11 5 1 3 7 5 0 2 6 4
16 8 8 1 7 0 3 5 2 6 4
16 8 8 0 1 3 5 7 2 6 4
15 10 5 4 1 3 5 7 2 6 0
16 5 11 1 0 3 6 5 2 7 4
12 6 6 1 2 3 6 5 0 7 4
12 7 5 1 2 3 6 5 7 0 4
12 8 4 1 2 3 6 5 7 4 0
14 7 7 1 2 3 6 0 5 7 4
12 10 2 1 2 3 6 4 5 7 0
14 11 3 1 2 3 6 4 5 0 7
16 9 7 1 0 3 7 5 2 4 6
16 9 7 5 1 3 0 2 7 4 6
16 10 6 1 3 5 6 4 2 7 0
16 11 5 1 3 5 2 0 4 7 6
16 7 9 1 0 3 4 5 2 6 7
10 8 2 1 2 3 4 5 0 6 7
10 9 1 1 2 3 4 5 6 0 7
