0 0 0 2 7 5 1 4 3 6
1 1 1 2 7 5 0 4 3 6
4 1 1 2 7 5 4 0 3 6
3 1 1 2 7 5 4 3 0 6
6 1 1 2 7 5 4 3 6 0
7 2 1 2 0 5 4 3 6 7
5 1 1 2 5 0 4 3 6 7
4 2 1 2 5 4 0 3 6 7
3 1 1 2 5 4 3 0 6 7
6 1 1 2 5 4 3 6 0 7
5 1 1 2 0 4 3 6 5 7
4 1 1 2 4 0 3 6 5 7
3 2 1 2 4 3 0 6 5 7
6 1 1 2 4 3 6 0 5 7
5 1 1 2 4 3 6 5 0 7
7 1 1 2 4 3 6 5 7 0
6 3 1 2 4 3 0 5 7 6
3 2 1 2 4 0 3 5 7 6
7 2 1 2 4 7 3 5 0 6
6 1 1 2 4 7 3 5 6 0
7 1 1 2 4 0 3 5 6 7
3 2 1 2 4 3 0 5 6 7
5 1 1 2 4 3 5 0 6 7
6 1 1 2 4 3 5 6 0 7
4 1 1 2 0 3 5 6 4 7
3 1 1 2 3 0 5 6 4 7
4 2 1 2 3 4 5 6 0 7
7 1 1 2 3 4 5 6 7 0
36 0.011994123458862305