0 0 0 4 2 3 5 0 6 7 1
6 0 6 4 2 3 5 1 6 7 0
7 0 7 4 2 3 5 1 6 0 7
8 0 8 4 2 3 5 1 0 6 7
9 0 9 4 2 3 5 0 1 6 7
8 0 8 4 2 3 5 7 1 6 0
9 0 9 4 2 3 5 7 1 0 6
10 0 10 4 2 3 5 6 0 7 1
9 0 9 4 2 3 5 6 7 0 1
8 0 8 4 2 3 5 6 7 1 0
10 0 10 4 2 3 0 5 1 6 7
9 0 9 4 2 3 7 5 1 6 0
9 0 9 4 2 3 6 5 1 0 7
8 0 8 4 2 3 6 5 1 7 0
10 0 10 4 2 3 5 7 0 1 6
10 0 10 4 2 3 7 5 1 0 6
10 0 10 4 2 3 6 5 0 1 7
11 0 11 4 2 3 0 1 6 7 5
10 0 10 4 2 3 1 0 6 7 5
5 0 5 4 2 3 1 5 6 7 0
6 0 6 4 2 3 1 5 6 0 7
7 0 7 4 2 3 1 5 0 6 7
8 0 8 4 2 3 1 0 5 6 7
7 0 7 4 2 3 1 7 5 6 0
8 0 8 4 2 3 1 7 5 0 6
9 0 9 4 2 3 1 6 0 7 5
8 0 8 4 2 3 1 6 7 0 5
7 0 7 4 2 3 1 6 7 5 0
9 0 9 0 2 3 1 4 5 6 7
4 0 4 1 2 3 0 4 5 6 7
3 0 3 1 2 3 7 4 5 6 0
3 0 3 1 2 3 4 0 5 6 7
2 0 2 1 2 3 4 5 0 6 7
1 0 1 1 2 3 4 5 6 0 7
