0 0 0 4 2 3 5 0 6 7 1
0 1 0 0 2 3 5 4 6 7 1
0 1 0 4 2 3 5 6 0 7 1
0 2 0 4 2 3 0 5 6 7 1
0 2 0 4 0 3 5 2 6 7 1
0 3 0 4 2 3 5 1 6 7 0
0 2 0 2 0 3 5 4 6 7 1
0 2 0 4 0 3 5 6 2 7 1
0 2 0 4 2 3 5 6 7 0 1
0 3 0 4 2 3 1 5 6 7 0
0 3 0 4 2 0 3 5 6 7 1
0 3 0 4 6 3 5 2 0 7 1
0 3 0 0 4 3 5 2 6 7 1
0 3 0 4 3 0 5 2 6 7 1
0 4 0 4 2 3 0 1 6 7 5
0 4 0 4 2 3 5 1 6 0 7
0 3 0 1 2 3 5 4 6 7 0
0 3 0 6 2 3 5 4 0 7 1
0 4 0 4 2 3 7 5 6 0 1
0 5 0 0 2 3 5 1 6 7 4
0 5 0 4 2 0 5 1 6 7 3
0 4 0 5 2 3 0 4 6 7 1
0 5 0 0 2 3 4 5 6 7 1
0 2 0 2 6 3 5 4 0 7 1
0 2 0 2 3 0 5 4 6 7 1
0 2 0 0 4 3 5 6 2 7 1
0 2 0 4 3 0 5 6 2 7 1
0 2 0 4 2 0 5 6 7 3 1
0 2 0 4 2 3 5 6 7 1 0
0 2 0 4 2 3 1 5 6 0 7
0 2 0 4 2 7 3 5 6 0 1
0 2 0 4 0 2 3 5 6 7 1
0 2 0 4 6 3 5 0 2 7 1
0 2 0 4 6 3 5 2 7 0 1
0 2 0 2 4 3 5 0 6 7 1
0 2 0 4 3 7 5 2 6 0 1
0 2 0 4 3 5 0 2 6 7 1
0 2 0 4 2 0 3 1 6 7 5
0 2 0 4 2 0 5 1 6 3 7
0 2 0 4 2 3 5 1 0 6 7
0 3 0 1 2 3 0 4 6 7 5
0 3 0 1 2 3 5 4 6 0 7
0 3 0 6 0 3 5 4 2 7 1
0 3 0 6 2 3 5 0 4 7 1
0 3 0 6 2 3 5 4 7 0 1
0 3 0 4 2 0 7 5 6 3 1
0 3 0 4 2 3 7 5 0 6 1
0 3 0 4 2 3 7 5 6 1 0
0 3 0 1 2 3 5 0 6 7 4
0 3 0 2 0 3 5 1 6 7 4
0 3 0 4 2 7 5 1 6 0 3
0 3 0 4 0 2 5 1 6 7 3
0 3 0 4 2 5 0 1 6 7 3
0 4 0 5 2 3 1 4 6 7 0
0 4 0 5 2 0 3 4 6 7 1
0 4 0 5 2 3 4 0 6 7 1
0 4 0 2 0 3 4 5 6 7 1
0 3 0 0 2 3 1 5 6 7 4
0 3 0 4 2 0 1 5 6 7 3
0 3 0 1 4 3 5 2 6 7 0
0 3 0 6 4 3 5 2 0 7 1
0 3 0 4 2 3 1 0 6 7 5
0 3 0 4 2 3 7 1 6 0 5
0 4 0 1 2 0 5 4 6 7 3
0 4 0 6 2 3 5 1 0 7 4
0 5 0 5 2 3 7 4 6 0 1
