0 0 0 0 6 5 2 4 7 3 1
11 2 9 1 6 5 2 4 7 3 0
13 3 10 1 6 5 2 4 7 0 3
15 4 11 1 6 5 2 4 0 7 3
16 4 12 1 6 0 2 4 7 3 5
12 5 7 1 6 3 2 4 7 0 5
12 6 6 1 6 3 2 4 7 5 0
14 6 8 1 6 3 2 4 0 7 5
16 5 11 1 6 2 0 4 7 3 5
13 7 6 1 6 2 3 4 7 0 5
13 8 5 1 6 2 3 4 7 5 0
14 6 8 1 6 2 5 4 7 3 0
15 8 7 1 6 2 3 4 0 7 5
16 7 9 1 0 3 2 4 6 7 5
16 7 9 1 6 3 2 0 4 7 5
16 7 9 1 6 2 5 4 7 0 3
16 8 8 1 3 0 2 4 6 7 5
14 9 5 1 3 7 2 4 6 0 5
14 10 4 1 3 7 2 4 6 5 0
16 10 6 1 6 3 2 5 4 7 0
16 9 7 1 3 2 0 4 6 7 5
12 10 2 1 3 2 5 4 6 7 0
14 11 3 1 3 2 5 4 6 0 7
16 10 6 1 3 7 2 4 0 6 5
16 12 4 1 3 2 5 4 0 6 7
17 3 14 1 6 5 0 4 7 3 2
14 5 9 1 6 5 3 4 7 0 2
14 6 8 1 6 5 3 4 7 2 0
16 6 10 1 6 5 3 4 0 7 2
17 5 12 1 6 5 2 0 7 3 4
17 4 13 1 6 0 2 4 7 5 3
17 5 12 1 0 5 2 4 6 7 3
17 5 12 1 6 5 2 0 4 7 3
15 8 7 1 6 5 2 3 4 7 0
17 7 10 1 6 2 4 0 7 3 5
17 9 8 1 0 2 3 4 6 7 5
17 9 8 1 6 2 3 0 4 7 5
17 11 6 1 3 2 4 0 6 7 5
15 14 1 1 3 2 4 5 6 7 0
17 11 6 1 3 2 7 4 6 0 5
17 6 11 1 6 5 2 7 0 3 4
17 5 12 1 6 2 0 4 7 5 3
17 6 11 1 5 0 2 4 6 7 3
13 7 6 1 5 7 2 4 6 0 3
13 8 5 1 5 7 2 4 6 3 0
15 8 7 1 5 7 2 4 0 6 3
17 9 8 1 6 5 2 3 4 0 7
17 8 9 1 6 2 4 7 0 3 5
17 10 7 1 6 2 4 5 7 3 0
17 10 7 1 2 0 3 4 6 7 5
17 12 5 1 6 2 3 5 4 7 0
17 12 5 1 3 2 4 6 0 7 5
17 15 2 1 3 2 4 5 6 0 7
17 12 5 1 3 2 7 4 6 5 0
17 7 10 1 6 5 2 7 3 0 4
17 7 10 1 5 2 0 4 6 7 3
11 8 3 1 5 2 3 4 6 7 0
13 9 4 1 5 2 3 4 6 0 7
15 10 5 1 5 2 3 4 0 6 7
16 9 7 1 5 2 7 4 6 0 3
16 10 6 1 5 2 7 4 6 3 0
17 9 8 1 5 7 2 0 4 6 3
15 12 3 1 5 7 2 3 4 6 0
17 9 8 1 6 2 4 7 3 0 5
17 11 6 1 2 7 3 4 6 0 5
17 11 6 1 2 3 0 4 6 7 5
13 12 1 1 2 3 5 4 6 7 0
15 13 2 1 2 3 5 4 6 0 7
17 13 4 1 3 2 4 6 7 0 5
17 8 9 1 6 5 2 7 3 4 0
17 11 6 1 0 2 3 4 5 6 7
17 11 6 1 5 2 3 0 4 6 7
17 13 4 1 5 7 2 3 4 0 6
17 10 7 1 6 2 4 7 3 5 0
17 12 5 1 2 7 3 4 6 5 0
17 14 3 1 2 3 5 4 0 6 7
17 14 3 1 3 2 4 6 7 5 0
17 12 5 1 2 0 3 4 5 6 7
17 14 3 1 5 2 3 7 4 6 0
17 13 4 1 2 6 3 4 5 0 7
17 13 4 1 2 3 0 4 5 6 7
17 14 3 1 2 6 3 4 5 7 0
17 14 3 1 2 3 7 4 5 6 0
18 1 17 4 6 5 2 0 7 3 1
16 4 12 4 6 5 2 1 7 3 0
18 5 13 1 0 6 2 4 7 3 5
18 8 10 0 1 3 2 4 6 7 5
15 10 5 5 1 3 2 4 6 7 0
17 11 6 5 1 3 2 4 6 0 7
18 8 10 1 6 2 5 4 0 7 3
18 11 7 1 6 3 2 5 4 0 7
18 11 7 1 3 7 2 0 4 6 5
16 14 2 1 3 7 2 5 4 6 0
18 13 5 1 3 2 5 0 4 6 7
18 5 13 1 6 5 4 0 7 3 2
18 9 9 1 6 5 3 0 7 2 4
18 7 11 1 0 5 3 4 6 7 2
18 7 11 1 6 5 3 0 4 7 2
18 7 11 1 6 2 4 0 7 5 3
16 10 6 1 6 2 4 3 7 5 0
18 9 9 1 5 2 4 0 6 7 3
16 12 4 1 5 2 4 3 6 7 0
18 10 8 1 5 2 7 4 0 6 3
18 13 5 1 2 3 4 0 6 7 5
