0 0 0 2 1 5 7 0 4 6 3
3 0 3 0 1 5 7 2 4 6 3
2 0 2 1 0 5 7 2 4 6 3
2 0 2 3 1 5 7 2 4 6 0
3 0 3 2 1 5 7 3 4 6 0
3 0 3 1 4 5 7 2 0 6 3
3 0 3 1 5 0 7 2 4 6 3
4 0 4 2 0 5 7 1 4 6 3
4 0 4 4 1 5 7 2 0 6 3
4 0 4 7 1 5 0 2 4 6 3
3 0 3 7 1 5 3 2 4 6 0
4 0 4 3 1 5 0 2 4 6 7
4 0 4 3 1 5 7 2 4 0 6
4 0 4 3 1 0 7 2 4 6 5
4 0 4 3 1 5 7 0 4 6 2
4 0 4 0 1 5 7 3 4 6 2
3 0 3 1 0 5 7 3 4 6 2
4 0 4 1 4 5 7 0 2 6 3
3 0 3 1 4 5 7 3 2 6 0
4 0 4 1 4 5 7 2 6 0 3
3 0 3 1 4 5 7 2 6 3 0
4 0 4 1 5 6 7 2 4 0 3
3 0 3 1 5 6 7 2 4 3 0
4 0 4 1 5 7 0 2 4 6 3
3 0 3 1 5 7 3 2 4 6 0
4 0 4 0 2 5 7 1 4 6 3
3 0 3 1 2 5 7 0 4 6 3
2 0 2 1 2 5 7 3 4 6 0
3 0 3 3 2 5 7 1 4 6 0
4 0 4 4 0 5 7 2 1 6 3
4 0 4 0 1 5 3 2 4 6 7
3 0 3 1 0 5 3 2 4 6 7
4 0 4 0 1 5 3 2 4 6 7
4 0 4 3 0 1 7 2 4 6 5
3 0 3 0 3 1 7 2 4 6 5
2 0 2 5 3 1 7 2 4 6 0
3 0 3 5 3 0 7 2 4 6 1
4 0 4 0 1 5 7 3 4 6 2
4 0 4 3 0 5 7 1 4 6 2
3 0 3 0 3 5 7 1 4 6 2
2 0 2 1 3 5 7 0 4 6 2
