0 0 0 4 6 1 0 5 2 7 3
5 0 5 4 6 1 3 5 2 7 0
5 0 5 0 6 1 4 5 2 7 3
4 0 4 3 6 1 4 5 2 7 0
5 0 5 6 0 1 4 5 2 7 3
4 0 4 6 2 1 4 5 0 7 3
5 0 5 2 6 1 4 5 0 7 3
4 0 4 2 0 1 4 5 6 7 3
3 0 3 0 2 1 4 5 6 7 3
2 0 2 3 2 1 4 5 6 7 0
3 0 3 3 2 0 4 5 6 7 1
4 0 4 2 1 0 4 5 6 7 3
4 0 4 5 2 1 4 0 6 7 3
3 0 3 5 2 1 4 3 6 7 0
4 0 4 4 2 1 0 5 6 7 3
3 0 3 4 2 1 3 5 6 7 0
4 0 4 3 2 1 0 5 6 7 4
4 0 4 3 2 1 4 5 6 0 7
4 0 4 3 2 1 4 0 6 7 5
4 0 4 3 2 7 4 5 6 0 1
3 0 3 3 2 7 4 5 6 1 0
4 0 4 3 0 2 4 5 6 7 1
4 0 4 3 2 4 0 5 6 7 1
3 0 3 3 2 4 1 5 6 7 0
4 0 4 0 2 1 4 3 6 7 5
4 0 4 5 2 0 4 3 6 7 1
4 0 4 4 2 0 1 5 6 7 3
4 0 4 0 2 1 3 5 6 7 4
4 0 4 4 2 0 3 5 6 7 1
3 0 3 4 2 3 0 5 6 7 1
2 0 2 4 2 3 1 5 6 7 0
2 0 2 0 2 3 4 5 6 7 1
