0 0 0 4 6 1 0 5 2 7 3
9 0 9 4 6 1 3 5 2 7 0
10 0 10 4 6 1 3 5 2 0 7
11 0 11 4 6 1 3 5 0 2 7
12 0 12 4 6 1 3 0 2 7 5
11 0 11 4 6 1 3 2 0 7 5
10 0 10 4 6 1 3 2 7 0 5
9 0 9 4 6 1 3 2 7 5 0
12 0 12 4 0 1 3 5 6 2 7
11 0 11 4 1 0 3 5 6 2 7
4 0 4 4 1 2 3 5 6 0 7
3 0 3 4 1 2 3 5 6 7 0
5 0 5 4 1 2 3 5 0 6 7
6 0 6 4 1 2 3 0 5 6 7
5 0 5 4 1 2 3 7 5 6 0
6 0 6 4 1 2 3 7 5 0 6
7 0 7 0 1 2 3 4 5 6 7
6 0 6 1 0 2 3 4 5 6 7
5 0 5 1 5 2 3 4 0 6 7
4 0 4 1 5 2 3 4 6 0 7
3 0 3 1 5 2 3 4 6 7 0
5 0 5 1 2 0 3 4 5 6 7
4 0 4 1 2 6 3 4 5 0 7
3 0 3 1 2 6 3 4 5 7 0
4 0 4 1 2 3 0 4 5 6 7
3 0 3 1 2 3 7 4 5 6 0
3 0 3 1 2 3 4 0 5 6 7
2 0 2 1 2 3 4 5 0 6 7
1 0 1 1 2 3 4 5 6 0 7
