0 0 0 5 6 4 7 1 3 0 2
13 0 13 5 6 4 7 1 3 2 0
14 0 14 5 6 0 7 1 3 2 4
13 0 13 5 6 2 7 1 3 0 4
12 0 12 5 6 2 7 1 3 4 0
13 0 13 5 6 7 0 1 3 2 4
12 0 12 5 6 7 4 1 3 2 0
12 0 12 5 6 7 1 0 3 2 4
11 0 11 5 6 7 1 3 0 2 4
10 0 10 5 6 7 1 3 2 0 4
9 0 9 5 6 7 1 3 2 4 0
11 0 11 5 6 7 1 4 3 2 0
12 0 12 5 6 7 2 1 3 0 4
11 0 11 5 6 7 2 1 3 4 0
12 0 12 5 0 7 1 3 6 2 4
11 0 11 5 7 0 1 3 6 2 4
8 0 8 5 7 2 1 3 6 0 4
7 0 7 5 7 2 1 3 6 4 0
9 0 9 5 7 2 1 3 0 6 4
10 0 10 5 7 1 0 3 6 2 4
7 0 7 5 7 1 4 3 6 2 0
7 0 7 5 7 1 2 3 6 0 4
6 0 6 5 7 1 2 3 6 4 0
8 0 8 5 7 1 4 3 6 0 2
8 0 8 5 7 1 2 3 0 6 4
9 0 9 5 7 1 3 0 6 2 4
6 0 6 5 7 1 3 4 6 2 0
7 0 7 5 7 1 3 4 6 0 2
8 0 8 5 7 1 3 6 0 2 4
7 0 7 5 7 1 3 6 2 0 4
6 0 6 5 7 1 3 6 2 4 0
7 0 7 5 7 1 3 0 2 4 6
6 0 6 5 7 1 3 2 0 4 6
5 0 5 5 7 1 3 2 4 0 6
4 0 4 5 7 1 3 2 4 6 0
8 0 8 5 7 1 3 4 0 6 2
8 0 8 5 7 1 0 3 2 4 6
7 0 7 5 7 1 6 3 2 4 0
7 0 7 5 7 1 4 3 2 0 6
6 0 6 5 7 1 4 3 2 6 0
8 0 8 5 0 1 3 7 2 4 6
7 0 7 5 2 1 3 7 0 4 6
6 0 6 5 2 1 3 7 4 0 6
5 0 5 5 2 1 3 7 4 6 0
7 0 7 5 1 0 3 7 2 4 6
6 0 6 5 1 4 3 7 2 0 6
5 0 5 5 1 4 3 7 2 6 0
6 0 6 5 1 3 0 7 2 4 6
5 0 5 5 1 3 6 7 2 4 0
5 0 5 5 1 3 7 0 2 4 6
4 0 4 5 1 3 7 2 0 4 6
3 0 3 5 1 3 7 2 4 0 6
2 0 2 5 1 3 7 2 4 6 0
4 0 4 5 1 3 7 6 2 4 0
5 0 5 5 1 3 4 7 2 0 6
4 0 4 5 1 3 4 7 2 6 0
5 0 5 5 1 3 7 6 2 0 4
6 0 6 5 1 3 6 7 2 0 4
6 0 6 5 1 3 4 7 0 2 6
6 0 6 5 1 3 7 6 0 2 4
7 0 7 5 1 4 3 7 0 2 6
7 0 7 0 1 3 5 7 2 4 6
6 0 6 7 1 3 5 0 2 4 6
5 0 5 7 1 3 5 2 0 4 6
4 0 4 7 1 3 5 2 4 0 6
3 0 3 7 1 3 5 2 4 6 0
5 0 5 7 1 3 5 6 2 4 0
6 0 6 1 0 3 5 7 2 4 6
5 0 5 1 2 3 5 7 0 4 6
4 0 4 1 2 3 5 7 4 0 6
3 0 3 1 2 3 5 7 4 6 0
4 0 4 1 2 3 5 0 4 6 7
3 0 3 1 2 3 5 4 0 6 7
2 0 2 1 2 3 5 4 6 0 7
1 0 1 1 2 3 5 4 6 7 0
5 0 5 1 3 0 5 7 2 4 6
4 0 4 1 3 4 5 7 2 0 6
3 0 3 1 3 4 5 7 2 6 0
4 0 4 1 3 5 0 7 2 4 6
3 0 3 1 3 5 6 7 2 4 0
3 0 3 1 3 5 7 0 2 4 6
2 0 2 1 3 5 7 2 0 4 6
1 0 1 1 3 5 7 2 4 0 6
