0 0 5 6 4 7 1 3 0 2
4 1 5 6 0 7 1 3 4 2
6 1 5 0 6 7 1 3 4 2
3 1 5 3 6 7 1 0 4 2
4 1 5 3 6 7 1 4 0 2
6 1 5 3 0 7 1 4 6 2
7 1 5 3 7 0 1 4 6 2
1 2 5 3 7 1 0 4 6 2
2 3 5 3 7 1 2 4 6 0
6 1 5 3 7 1 2 4 0 6
4 1 5 3 7 1 2 0 4 6
2 1 5 3 7 1 0 2 4 6
5 1 0 3 7 1 5 2 4 6
1 3 1 3 7 0 5 2 4 6
4 2 1 3 7 4 5 2 0 6
7 1 1 3 0 4 5 2 7 6
3 1 1 0 3 4 5 2 7 6
2 1 1 2 3 4 5 0 7 6
5 1 1 2 3 4 0 5 7 6
4 2 1 2 3 0 4 5 7 6
7 2 1 2 3 7 4 5 0 6
6 1 1 2 3 7 4 5 6 0
7 1 1 2 3 0 4 5 6 7
4 2 1 2 3 4 0 5 6 7
5 1 1 2 3 4 5 0 6 7
6 1 1 2 3 4 5 6 0 7
7 1 1 2 3 4 5 6 7 0
35 0.054369211196899414