0 0 0 0 5 4 7 6 3 2 1
9 2 7 1 5 4 7 6 3 2 0
11 3 8 1 5 4 7 6 3 0 2
13 2 11 3 5 4 7 6 0 2 1
13 5 8 1 5 4 7 0 3 2 6
13 4 9 1 5 4 7 6 0 3 2
13 3 10 3 5 4 7 6 2 0 1
13 6 7 1 5 4 7 3 0 2 6
13 4 9 3 5 4 7 6 2 1 0
13 7 6 1 5 4 7 3 2 0 6
13 8 5 1 5 4 7 3 2 6 0
14 4 10 1 5 0 7 6 3 2 4
12 5 7 1 5 2 7 6 3 0 4
12 6 6 1 5 2 7 6 3 4 0
14 5 9 1 5 7 0 6 3 2 4
12 6 6 1 5 7 4 6 3 2 0
13 7 6 1 5 7 2 6 3 0 4
13 8 5 1 5 7 2 6 3 4 0
14 6 8 1 5 2 7 6 0 3 4
14 7 7 1 5 7 4 6 3 0 2
15 3 12 1 5 4 0 6 3 2 7
12 5 7 1 5 4 2 6 3 0 7
12 6 6 1 5 4 2 6 3 7 0
14 6 8 1 5 4 2 6 0 3 7
15 4 11 1 5 0 7 6 3 4 2
15 3 12 3 5 4 7 0 6 2 1
13 6 7 3 5 4 7 1 6 2 0
15 5 10 1 5 4 7 0 6 3 2
15 8 7 1 5 0 7 3 2 4 6
15 7 8 1 5 7 6 0 3 2 4
15 8 7 1 5 7 2 6 0 3 4
15 5 10 1 5 7 0 6 3 4 2
15 7 8 3 5 4 7 1 6 0 2
15 8 7 1 5 4 7 2 6 3 0
15 9 6 1 5 7 0 3 2 4 6
15 8 7 1 5 7 6 3 0 2 4
15 10 5 1 5 7 6 3 2 4 0
15 9 6 1 5 7 6 3 2 0 4
16 7 9 1 5 4 0 7 3 2 6
16 5 11 1 0 5 7 6 3 2 4
10 6 4 1 3 5 7 6 0 2 4
10 7 3 1 3 5 7 6 2 0 4
10 8 2 1 3 5 7 6 2 4 0
12 7 5 1 3 5 7 0 6 2 4
12 10 2 1 3 5 7 4 6 2 0
14 11 3 1 3 5 7 0 2 4 6
14 11 3 1 3 5 7 4 6 0 2
14 12 2 1 3 5 7 2 0 4 6
14 13 1 1 3 5 7 2 4 0 6
