0 0 0 6 2 0 3 1 4 5 7
12 1 11 6 2 5 3 1 4 0 7
12 1 11 6 2 3 0 1 4 5 7
12 2 10 6 2 5 3 1 4 7 0
12 2 10 6 2 3 7 1 4 5 0
13 3 10 6 2 3 1 0 4 5 7
13 3 10 6 2 3 5 1 4 0 7
13 4 9 6 2 3 1 4 0 5 7
13 4 9 6 2 3 5 1 4 7 0
13 5 8 6 2 3 1 4 5 0 7
13 6 7 6 2 3 1 4 5 7 0
14 1 13 6 0 2 3 1 4 5 7
14 2 12 6 2 5 3 1 0 4 7
14 3 11 6 2 3 7 1 4 0 5
14 2 12 6 4 2 3 1 0 5 7
14 3 11 6 4 2 3 1 5 0 7
14 4 10 6 4 2 3 1 5 7 0
15 4 11 0 2 3 1 6 4 5 7
13 7 6 1 2 3 0 6 4 5 7
12 9 3 1 2 3 5 6 4 0 7
12 10 2 1 2 3 5 6 4 7 0
13 8 5 1 2 3 7 6 4 5 0
14 6 8 4 2 3 1 6 0 5 7
14 9 5 1 2 3 6 0 4 5 7
14 10 4 1 2 3 5 6 0 4 7
14 7 7 4 2 3 1 6 5 0 7
14 10 4 1 2 3 6 4 0 5 7
14 8 6 4 2 3 1 6 5 7 0
14 11 3 1 2 3 6 4 5 0 7
14 12 2 1 2 3 6 4 5 7 0
15 6 9 6 2 3 1 7 4 5 0
15 4 11 6 2 3 5 1 0 4 7
15 5 10 2 0 3 1 6 4 5 7
13 6 7 2 4 3 1 6 0 5 7
13 7 6 2 4 3 1 6 5 0 7
13 8 5 2 4 3 1 6 5 7 0
15 8 7 1 2 0 3 6 4 5 7
13 9 4 1 2 5 3 6 4 0 7
13 10 3 1 2 5 3 6 4 7 0
15 9 6 1 2 3 7 6 4 0 5
15 6 9 2 3 0 1 6 4 5 7
13 7 6 2 3 5 1 6 4 0 7
13 8 5 2 3 5 1 6 4 7 0
15 7 8 2 4 3 1 0 6 5 7
15 10 5 1 2 5 3 6 0 4 7
15 7 8 2 3 1 0 6 4 5 7
14 9 5 2 3 1 5 6 4 0 7
14 10 4 2 3 1 5 6 4 7 0
15 8 7 2 3 5 1 6 0 4 7
15 8 7 2 3 1 7 6 4 5 0
16 4 12 0 2 3 6 1 4 5 7
15 6 9 4 2 3 6 1 0 5 7
15 7 8 4 2 3 6 1 5 0 7
15 8 7 4 2 3 6 1 5 7 0
16 2 14 0 6 2 3 1 4 5 7
10 3 7 1 6 2 3 0 4 5 7
10 4 6 1 6 2 3 4 0 5 7
10 5 5 1 6 2 3 4 5 0 7
10 6 4 1 6 2 3 4 5 7 0
12 6 6 1 6 2 3 7 4 5 0
12 5 7 1 0 2 3 4 6 5 7
12 6 6 1 2 0 3 4 6 5 7
10 7 3 1 2 5 3 4 6 0 7
10 8 2 1 2 5 3 4 6 7 0
12 7 5 1 2 3 0 4 6 5 7
11 9 2 1 2 3 5 4 6 0 7
11 10 1 1 2 3 5 4 6 7 0
12 8 4 1 2 5 3 4 0 6 7
12 8 4 1 2 3 7 4 6 5 0
13 5 8 1 6 2 0 3 4 5 7
13 5 8 1 0 2 3 6 4 5 7
11 6 5 1 4 2 3 6 0 5 7
11 7 4 1 4 2 3 6 5 0 7
11 8 3 1 4 2 3 6 5 7 0
13 9 4 1 2 3 4 0 6 5 7
13 10 3 1 2 3 5 4 0 6 7
13 6 7 1 6 2 7 3 4 5 0
13 7 6 1 4 2 3 0 6 5 7
13 10 3 1 2 3 4 6 0 5 7
13 11 2 1 2 3 4 6 5 0 7
13 12 1 1 2 3 4 6 5 7 0
14 7 7 1 6 2 3 7 4 0 5
14 6 8 0 1 2 3 4 6 5 7
14 9 5 1 2 5 3 0 4 6 7
14 9 5 1 2 3 7 4 6 0 5
14 7 7 1 6 2 5 3 4 0 7
14 7 7 4 1 2 3 0 6 5 7
14 8 6 1 6 2 5 3 4 7 0
14 8 6 4 1 2 3 6 0 5 7
14 9 5 4 1 2 3 6 5 0 7
14 10 4 4 1 2 3 6 5 7 0
15 4 11 4 6 2 3 1 0 5 7
15 6 9 1 6 0 2 3 4 5 7
15 6 9 0 1 2 3 6 4 5 7
15 12 3 1 2 3 4 7 6 5 0
15 11 4 1 2 3 5 0 4 6 7
15 7 8 1 6 2 7 3 4 0 5
15 10 5 1 4 2 3 7 6 5 0
15 8 7 7 1 2 3 4 6 5 0
15 8 7 6 1 2 3 4 0 5 7
15 5 10 4 6 2 3 1 5 0 7
15 7 8 1 6 5 2 3 4 0 7
15 7 8 6 1 2 3 0 4 5 7
15 9 6 6 1 2 3 4 5 0 7
15 6 9 4 6 2 3 1 5 7 0
15 8 7 1 6 5 2 3 4 7 0
15 10 5 6 1 2 3 4 5 7 0
16 3 13 6 2 5 3 0 1 4 7
16 4 12 6 2 3 7 1 0 4 5
16 3 13 6 4 2 3 0 1 5 7
16 6 10 7 2 3 1 6 4 5 0
16 7 9 4 2 3 1 0 6 5 7
16 12 4 1 2 3 6 7 4 5 0
16 11 5 1 2 3 5 0 6 4 7
16 9 7 2 3 1 6 0 4 5 7
16 10 6 2 3 1 5 6 0 4 7
16 5 11 2 0 3 6 1 4 5 7
14 6 8 2 4 3 6 1 0 5 7
14 7 7 2 4 3 6 1 5 0 7
14 8 6 2 4 3 6 1 5 7 0
16 5 11 3 6 2 0 1 4 5 7
16 9 7 1 4 2 0 3 6 5 7
15 11 4 1 4 2 5 3 6 0 7
15 12 3 1 4 2 5 3 6 7 0
16 8 8 1 6 2 3 7 0 4 5
16 9 7 3 1 2 0 4 6 5 7
15 11 4 3 1 2 5 4 6 0 7
15 12 3 3 1 2 5 4 6 7 0
16 12 4 1 2 5 3 7 4 6 0
16 10 6 1 2 3 7 4 0 6 5
16 8 8 1 6 2 5 3 0 4 7
16 10 6 4 1 2 3 7 6 5 0
16 8 8 7 1 2 3 6 4 5 0
16 10 6 2 3 1 6 4 0 5 7
16 6 10 2 3 0 6 1 4 5 7
14 7 7 2 3 5 6 1 4 0 7
14 8 6 2 3 5 6 1 4 7 0
16 7 9 2 4 3 6 0 1 5 7
16 6 10 3 6 2 7 1 4 5 0
16 10 6 1 4 2 7 3 6 5 0
16 10 6 3 1 2 7 4 6 5 0
16 11 5 2 3 1 6 4 5 0 7
16 7 9 2 3 6 0 1 4 5 7
16 8 8 2 3 5 6 1 0 4 7
16 12 4 2 3 1 6 4 5 7 0
16 8 8 2 3 6 7 1 4 5 0
17 4 13 0 2 5 3 1 4 7 6
11 5 6 1 2 5 3 0 4 7 6
11 6 5 1 2 5 3 4 0 7 6
11 7 4 1 2 5 3 4 7 0 6
11 8 3 1 2 5 3 4 7 6 0
14 7 7 1 2 5 0 3 4 7 6
12 8 4 1 2 5 6 3 4 7 0
14 9 5 1 2 5 6 3 4 0 7
15 8 7 1 2 0 3 4 7 5 6
15 9 6 1 2 5 7 3 4 0 6
15 9 6 1 2 3 0 4 7 5 6
13 10 3 1 2 3 6 4 7 5 0
14 11 3 1 2 3 5 4 7 0 6
14 12 2 1 2 3 5 4 7 6 0
15 10 5 1 2 5 7 3 4 6 0
15 11 4 1 2 3 6 4 7 0 5
16 6 10 4 2 5 3 1 0 7 6
16 7 9 1 0 5 3 2 4 7 6
16 8 8 1 2 0 5 3 4 7 6
16 10 6 1 2 5 6 3 0 4 7
16 11 5 1 2 3 4 0 7 5 6
16 12 4 1 2 3 5 4 0 7 6
16 7 9 4 2 5 3 1 7 0 6
16 8 8 1 4 5 3 2 0 7 6
16 8 8 1 5 0 3 2 4 7 6
12 9 3 1 5 7 3 2 4 0 6
12 10 2 1 5 7 3 2 4 6 0
14 10 4 1 5 7 3 2 0 4 6
16 9 7 1 2 7 5 3 4 0 6
16 12 4 1 2 3 4 7 0 5 6
16 14 2 1 2 3 4 6 7 5 0
16 8 8 4 2 5 3 1 7 6 0
16 9 7 1 4 5 3 2 7 0 6
16 9 7 1 5 3 0 2 4 7 6
13 11 2 1 5 3 7 2 4 0 6
13 12 1 1 5 3 7 2 4 6 0
15 12 3 1 5 3 7 2 0 4 6
16 11 5 1 5 7 3 0 2 4 6
16 10 6 1 2 7 5 3 4 6 0
16 13 3 1 2 3 4 7 5 0 6
16 10 6 1 4 5 3 2 7 6 0
16 10 6 1 5 3 6 2 4 7 0
16 14 2 1 2 3 4 7 5 6 0
17 4 13 6 2 0 3 1 4 7 5
17 4 13 0 2 3 7 1 4 5 6
11 5 6 1 2 3 7 0 4 5 6
11 6 5 1 2 3 7 4 0 5 6
11 7 4 1 2 3 7 4 5 0 6
11 8 3 1 2 3 7 4 5 6 0
13 9 4 1 2 3 0 4 5 6 7
14 7 7 1 2 3 0 7 4 5 6
13 9 4 1 2 3 5 7 4 0 6
13 10 3 1 2 3 5 7 4 6 0
14 11 3 1 2 3 4 0 5 6 7
14 12 2 1 2 3 4 5 0 6 7
14 13 1 1 2 3 4 5 6 0 7
