0 0 0 6 2 0 3 1 4 5 7
7 1 6 6 2 5 3 1 4 0 7
7 1 6 6 2 3 0 1 4 5 7
7 2 5 6 2 5 3 1 4 7 0
7 2 5 6 2 3 7 1 4 5 0
8 1 7 6 0 2 3 1 4 5 7
9 2 7 6 2 5 3 1 0 4 7
9 3 6 6 2 3 1 0 4 5 7
9 3 6 6 2 3 5 1 4 0 7
8 4 4 6 2 3 5 1 4 7 0
9 3 6 6 2 5 0 1 4 7 3
9 3 6 6 2 3 7 1 4 0 5
9 2 7 0 6 2 3 1 4 5 7
9 3 6 1 6 2 3 0 4 5 7
10 4 6 0 2 3 6 1 4 5 7
10 4 6 0 2 5 3 1 4 7 6
10 4 6 6 2 0 3 1 4 7 5
10 4 6 0 2 3 7 1 4 5 6
10 4 6 6 2 0 7 1 4 5 3
10 2 8 6 4 2 3 1 0 5 7
10 3 7 6 0 5 3 1 2 4 7
10 3 7 6 2 5 3 0 1 4 7
10 4 6 0 2 3 1 6 4 5 7
10 4 6 6 2 3 1 4 0 5 7
10 4 6 6 2 3 5 1 0 4 7
10 5 5 6 2 3 0 1 4 7 5
10 4 6 6 2 0 5 1 4 7 3
10 5 5 6 2 5 7 1 4 0 3
10 4 6 6 2 0 7 1 4 3 5
10 4 6 6 2 3 7 1 0 4 5
10 4 6 7 6 2 3 1 4 5 0
10 5 5 1 2 3 6 0 4 5 7
10 5 5 1 2 5 3 0 4 7 6
10 5 5 6 2 3 0 1 4 7 5
10 5 5 1 2 3 7 0 4 5 6
10 5 5 6 2 5 7 1 4 0 3
10 6 4 6 2 5 7 1 4 3 0
10 6 4 6 2 5 7 1 4 3 0
11 5 6 6 2 5 3 0 4 7 1
11 5 6 6 2 3 7 0 4 5 1
11 5 6 6 0 3 1 2 4 5 7
11 6 5 6 2 3 1 7 4 5 0
11 4 7 6 2 0 5 1 4 3 7
11 6 5 0 2 3 5 1 4 7 6
11 5 6 6 2 5 1 0 4 7 3
11 4 7 1 6 2 3 4 0 5 7
11 5 6 1 6 2 0 3 4 5 7
10 6 4 1 6 2 7 3 4 5 0
11 5 6 1 0 2 3 6 4 5 7
11 6 5 1 6 2 3 7 4 5 0
11 6 5 7 2 3 6 1 4 5 0
11 5 6 2 0 5 3 1 4 7 6
11 5 6 2 0 3 7 1 4 5 6
11 5 6 6 0 2 7 1 4 5 3
11 3 8 6 4 2 3 0 1 5 7
11 3 8 6 4 2 3 1 5 0 7
10 4 6 6 4 2 3 1 5 7 0
11 4 7 0 6 5 3 1 2 4 7
11 4 7 0 2 5 3 6 1 4 7
11 5 6 6 0 5 3 2 1 4 7
11 6 5 7 2 3 1 6 4 5 0
11 5 6 6 2 3 1 4 5 0 7
10 6 4 6 2 3 1 4 5 7 0
11 5 6 6 2 3 5 0 1 4 7
11 5 6 6 0 2 7 1 4 3 5
11 5 6 6 2 3 7 0 1 4 5
11 6 5 1 2 3 6 4 0 5 7
11 6 5 1 2 5 3 4 0 7 6
11 7 4 1 0 5 3 2 4 7 6
11 6 5 1 2 3 7 4 0 5 6
11 7 4 1 0 3 7 2 4 5 6
11 6 5 6 3 0 1 2 4 5 7
11 5 6 6 2 5 0 1 4 3 7
11 7 4 1 2 3 5 0 4 7 6
11 5 6 1 0 2 3 4 6 5 7
11 6 5 2 3 0 7 1 4 5 6
11 5 6 1 6 5 3 0 2 4 7
11 8 3 1 3 0 7 2 4 5 6
11 7 4 6 3 5 1 2 4 0 7
11 6 5 1 2 0 3 4 6 5 7
11 7 4 2 3 5 7 1 4 0 6
10 8 2 2 3 5 7 1 4 6 0
11 6 5 1 6 5 3 2 0 4 7
11 9 2 1 3 5 7 2 4 0 6
