0 0 0 6 2 0 3 1 4 5 7
11 0 11 6 2 5 3 1 4 0 7
10 0 10 6 2 5 3 1 4 7 0
11 0 11 6 2 3 0 1 4 5 7
10 0 10 6 2 3 7 1 4 5 0
10 0 10 6 2 3 1 0 4 5 7
9 0 9 6 2 3 1 4 0 5 7
8 0 8 6 2 3 1 4 5 0 7
7 0 7 6 2 3 1 4 5 7 0
9 0 9 6 2 3 1 7 4 5 0
10 0 10 6 2 3 5 1 4 0 7
9 0 9 6 2 3 5 1 4 7 0
10 0 10 0 2 3 1 4 5 7 6
5 0 5 1 2 3 0 4 5 7 6
2 0 2 1 2 3 6 4 5 7 0
3 0 3 1 2 3 6 4 5 0 7
4 0 4 1 2 3 4 0 5 7 6
1 0 1 1 2 3 4 6 5 7 0
2 0 2 1 2 3 4 6 5 0 7
3 0 3 1 2 3 4 5 0 7 6
2 0 2 1 2 3 4 5 7 0 6
1 0 1 1 2 3 4 5 7 6 0
3 0 3 1 2 3 4 6 0 5 7
4 0 4 1 2 3 7 4 5 0 6
3 0 3 1 2 3 7 4 5 6 0
4 0 4 1 2 3 6 4 0 5 7
4 0 4 1 2 3 4 0 6 5 7
3 0 3 1 2 3 4 7 6 5 0
4 0 4 1 2 3 0 4 5 6 7
3 0 3 1 2 3 4 0 5 6 7
2 0 2 1 2 3 4 5 0 6 7
1 0 1 1 2 3 4 5 6 0 7
