0 0 14 13 7 3 0 2 9 1 6 5 4 8 10 11 12
5 1 14 13 7 3 5 2 9 1 6 0 4 8 10 11 12
6 1 14 13 7 3 5 2 9 1 0 6 4 8 10 11 12
1 1 14 13 7 3 5 2 9 0 1 6 4 8 10 11 12
7 1 14 13 0 3 5 2 9 7 1 6 4 8 10 11 12
3 1 14 13 3 0 5 2 9 7 1 6 4 8 10 11 12
11 3 14 13 3 11 5 2 9 7 1 6 4 8 10 0 12
12 1 14 13 3 11 5 2 9 7 1 6 4 8 10 12 0
14 2 0 13 3 11 5 2 9 7 1 6 4 8 10 12 14
2 1 2 13 3 11 5 0 9 7 1 6 4 8 10 12 14
6 3 2 13 3 11 5 6 9 7 1 0 4 8 10 12 14
1 1 2 13 3 11 5 6 9 7 0 1 4 8 10 12 14
12 1 2 13 3 11 5 6 9 7 12 1 4 8 10 0 14
14 1 2 13 3 11 5 6 9 7 12 1 4 8 10 14 0
2 2 0 13 3 11 5 6 9 7 12 1 4 8 10 14 2
9 2 9 13 3 11 5 6 0 7 12 1 4 8 10 14 2
7 1 9 13 3 11 5 6 7 0 12 1 4 8 10 14 2
10 1 9 13 3 11 5 6 7 10 12 1 4 8 0 14 2
8 1 9 13 3 11 5 6 7 10 12 1 4 0 8 14 2
4 1 9 13 3 11 5 6 7 10 12 1 0 4 8 14 2
2 3 9 13 3 11 5 6 7 10 12 1 2 4 8 14 0
12 2 9 13 3 11 5 6 7 10 0 1 2 4 8 14 12
10 1 9 13 3 11 5 6 7 0 10 1 2 4 8 14 12
8 1 9 13 3 11 5 6 7 8 10 1 2 4 0 14 12
4 1 9 13 3 11 5 6 7 8 10 1 2 0 4 14 12
2 1 9 13 3 11 5 6 7 8 10 1 0 2 4 14 12
9 3 0 13 3 11 5 6 7 8 10 1 9 2 4 14 12
13 1 13 0 3 11 5 6 7 8 10 1 9 2 4 14 12
2 3 13 2 3 11 5 6 7 8 10 1 9 0 4 14 12
9 1 13 2 3 11 5 6 7 8 10 1 0 9 4 14 12
12 3 13 2 3 11 5 6 7 8 10 1 12 9 4 14 0
1 1 13 2 3 11 5 6 7 8 10 0 12 9 4 14 1
10 1 13 2 3 11 5 6 7 8 0 10 12 9 4 14 1
11 1 13 2 3 0 5 6 7 8 11 10 12 9 4 14 1
5 1 13 2 3 5 0 6 7 8 11 10 12 9 4 14 1
13 3 0 2 3 5 13 6 7 8 11 10 12 9 4 14 1
1 2 1 2 3 5 13 6 7 8 11 10 12 9 4 14 0
13 3 1 2 3 5 0 6 7 8 11 10 12 9 4 14 13
5 1 1 2 3 0 5 6 7 8 11 10 12 9 4 14 13
3 1 1 2 0 3 5 6 7 8 11 10 12 9 4 14 13
4 3 1 2 4 3 5 6 7 8 11 10 12 9 0 14 13
9 1 1 2 4 3 5 6 7 8 11 10 12 0 9 14 13
12 1 1 2 4 3 5 6 7 8 11 10 0 12 9 14 13
13 3 1 2 4 3 5 6 7 8 11 10 13 12 9 14 0
11 2 1 2 4 3 5 6 7 8 0 10 13 12 9 14 11
3 1 1 2 4 0 5 6 7 8 3 10 13 12 9 14 11
4 1 1 2 0 4 5 6 7 8 3 10 13 12 9 14 11
9 3 1 2 9 4 5 6 7 8 3 10 13 12 0 14 11
12 1 1 2 9 4 5 6 7 8 3 10 13 0 12 14 11
13 1 1 2 9 4 5 6 7 8 3 10 0 13 12 14 11
11 3 1 2 9 4 5 6 7 8 3 10 11 13 12 14 0
3 2 1 2 9 4 5 6 7 8 0 10 11 13 12 14 3
8 1 1 2 9 4 5 6 7 0 8 10 11 13 12 14 3
9 1 1 2 0 4 5 6 7 9 8 10 11 13 12 14 3
12 3 1 2 12 4 5 6 7 9 8 10 11 13 0 14 3
9 1 1 2 12 4 5 6 7 0 8 10 11 13 9 14 3
8 1 1 2 12 4 5 6 7 8 0 10 11 13 9 14 3
14 1 1 2 12 4 5 6 7 8 14 10 11 13 9 0 3
9 1 1 2 12 4 5 6 7 8 14 10 11 13 0 9 3
13 1 1 2 12 4 5 6 7 8 14 10 11 0 13 9 3
11 1 1 2 12 4 5 6 7 8 14 10 0 11 13 9 3
3 3 1 2 12 4 5 6 7 8 14 10 3 11 13 9 0
14 2 1 2 12 4 5 6 7 8 0 10 3 11 13 9 14
9 1 1 2 12 4 5 6 7 8 9 10 3 11 13 0 14
14 1 1 2 12 4 5 6 7 8 9 10 3 11 13 14 0
3 3 1 2 12 4 5 6 7 8 9 10 0 11 13 14 3
11 1 1 2 12 4 5 6 7 8 9 10 11 0 13 14 3
13 1 1 2 12 4 5 6 7 8 9 10 11 13 0 14 3
12 3 1 2 0 4 5 6 7 8 9 10 11 13 12 14 3
8 1 1 2 8 4 5 6 7 0 9 10 11 13 12 14 3
12 1 1 2 8 4 5 6 7 12 9 10 11 13 0 14 3
13 1 1 2 8 4 5 6 7 12 9 10 11 0 13 14 3
7 1 1 2 8 4 5 6 0 12 9 10 11 7 13 14 3
12 1 1 2 8 4 5 6 12 0 9 10 11 7 13 14 3
8 1 1 2 0 4 5 6 12 8 9 10 11 7 13 14 3
2 1 1 0 2 4 5 6 12 8 9 10 11 7 13 14 3
12 1 1 12 2 4 5 6 0 8 9 10 11 7 13 14 3
7 1 1 12 2 4 5 6 7 8 9 10 11 0 13 14 3
12 3 1 0 2 4 5 6 7 8 9 10 11 12 13 14 3
1 1 0 1 2 4 5 6 7 8 9 10 11 12 13 14 3
5 3 5 1 2 4 0 6 7 8 9 10 11 12 13 14 3
3 3 5 1 2 4 3 6 7 8 9 10 11 12 13 14 0
5 2 0 1 2 4 3 6 7 8 9 10 11 12 13 14 5
1 1 1 0 2 4 3 6 7 8 9 10 11 12 13 14 5
2 1 1 2 0 4 3 6 7 8 9 10 11 12 13 14 5
4 1 1 2 4 0 3 6 7 8 9 10 11 12 13 14 5
3 1 1 2 4 3 0 6 7 8 9 10 11 12 13 14 5
5 3 1 2 4 3 5 6 7 8 9 10 11 12 13 14 0
14 1 1 2 4 3 5 6 7 8 9 10 11 12 13 0 14
3 3 1 2 4 0 5 6 7 8 9 10 11 12 13 3 14
4 1 1 2 0 4 5 6 7 8 9 10 11 12 13 3 14
13 3 1 2 13 4 5 6 7 8 9 10 11 12 0 3 14
3 1 1 2 13 4 5 6 7 8 9 10 11 12 3 0 14
14 1 1 2 13 4 5 6 7 8 9 10 11 12 3 14 0
9 2 1 2 13 4 5 6 7 8 0 10 11 12 3 14 9
8 1 1 2 13 4 5 6 7 0 8 10 11 12 3 14 9
13 1 1 2 0 4 5 6 7 13 8 10 11 12 3 14 9
3 3 1 2 3 4 5 6 7 13 8 10 11 12 0 14 9
13 1 1 2 3 4 5 6 7 0 8 10 11 12 13 14 9
8 1 1 2 3 4 5 6 7 8 0 10 11 12 13 14 9
14 1 1 2 3 4 5 6 7 8 14 10 11 12 13 0 9
9 1 1 2 3 4 5 6 7 8 14 10 11 12 13 9 0
14 2 1 2 3 4 5 6 7 8 0 10 11 12 13 9 14
9 1 1 2 3 4 5 6 7 8 9 10 11 12 13 0 14
14 1 1 2 3 4 5 6 7 8 9 10 11 12 13 14 0
161 0.1080322265625