0 0 9 10 7 3 6 8 14 12 2 4 1 0 13 11 5
14 1 9 10 7 3 6 8 0 12 2 4 1 14 13 11 5
12 1 9 10 7 3 6 8 12 0 2 4 1 14 13 11 5
2 1 9 10 7 3 6 8 12 2 0 4 1 14 13 11 5
4 1 9 10 7 3 6 8 12 2 4 0 1 14 13 11 5
5 1 9 10 7 3 6 8 12 2 4 5 1 14 13 11 0
11 1 9 10 7 3 6 8 12 2 4 5 1 14 13 0 11
13 1 9 10 7 3 6 8 12 2 4 5 1 14 0 13 11
14 1 9 10 7 3 6 8 12 2 4 5 1 0 14 13 11
12 1 9 10 7 3 6 8 0 2 4 5 1 12 14 13 11
2 1 9 10 7 3 6 8 2 0 4 5 1 12 14 13 11
4 1 9 10 7 3 6 8 2 4 0 5 1 12 14 13 11
5 1 9 10 7 3 6 8 2 4 5 0 1 12 14 13 11
6 1 9 10 7 3 0 8 2 4 5 6 1 12 14 13 11
1 2 9 10 7 3 1 8 2 4 5 6 0 12 14 13 11
11 3 9 10 7 3 1 8 2 4 5 6 11 12 14 13 0
13 1 9 10 7 3 1 8 2 4 5 6 11 12 14 0 13
14 1 9 10 7 3 1 8 2 4 5 6 11 12 0 14 13
12 1 9 10 7 3 1 8 2 4 5 6 11 0 12 14 13
10 3 9 0 7 3 1 8 2 4 5 6 11 10 12 14 13
2 1 9 2 7 3 1 8 0 4 5 6 11 10 12 14 13
10 1 9 2 7 3 1 8 10 4 5 6 11 0 12 14 13
11 1 9 2 7 3 1 8 10 4 5 6 0 11 12 14 13
9 3 0 2 7 3 1 8 10 4 5 6 9 11 12 14 13
1 3 1 2 7 3 0 8 10 4 5 6 9 11 12 14 13
5 2 1 2 7 3 5 8 10 4 0 6 9 11 12 14 13
6 1 1 2 7 3 5 8 10 4 6 0 9 11 12 14 13
8 3 1 2 7 3 5 0 10 4 6 8 9 11 12 14 13
9 1 1 2 7 3 5 9 10 4 6 8 0 11 12 14 13
10 2 1 2 7 3 5 9 0 4 6 8 10 11 12 14 13
4 1 1 2 7 3 5 9 4 0 6 8 10 11 12 14 13
6 1 1 2 7 3 5 9 4 6 0 8 10 11 12 14 13
8 1 1 2 7 3 5 9 4 6 8 0 10 11 12 14 13
9 3 1 2 7 3 5 0 4 6 8 9 10 11 12 14 13
4 1 1 2 7 3 5 4 0 6 8 9 10 11 12 14 13
6 1 1 2 7 3 5 4 6 0 8 9 10 11 12 14 13
7 1 1 2 0 3 5 4 6 7 8 9 10 11 12 14 13
3 1 1 2 3 0 5 4 6 7 8 9 10 11 12 14 13
8 1 1 2 3 8 5 4 6 7 0 9 10 11 12 14 13
14 1 1 2 3 8 5 4 6 7 14 9 10 11 12 0 13
13 1 1 2 3 8 5 4 6 7 14 9 10 11 12 13 0
14 2 1 2 3 8 5 4 6 7 0 9 10 11 12 13 14
8 1 1 2 3 0 5 4 6 7 8 9 10 11 12 13 14
5 1 1 2 3 5 0 4 6 7 8 9 10 11 12 13 14
9 1 1 2 3 5 9 4 6 7 8 0 10 11 12 13 14
4 3 1 2 3 5 9 0 6 7 8 4 10 11 12 13 14
6 1 1 2 3 5 9 6 0 7 8 4 10 11 12 13 14
7 1 1 2 3 5 9 6 7 0 8 4 10 11 12 13 14
8 1 1 2 3 5 9 6 7 8 0 4 10 11 12 13 14
4 1 1 2 3 5 9 6 7 8 4 0 10 11 12 13 14
9 1 1 2 3 5 0 6 7 8 4 9 10 11 12 13 14
5 1 1 2 3 0 5 6 7 8 4 9 10 11 12 13 14
4 1 1 2 3 4 5 6 7 8 0 9 10 11 12 13 14
9 1 1 2 3 4 5 6 7 8 9 0 10 11 12 13 14
14 1 1 2 3 4 5 6 7 8 9 14 10 11 12 13 0
10 3 1 2 3 4 5 6 7 8 9 14 0 11 12 13 10
11 1 1 2 3 4 5 6 7 8 9 14 11 0 12 13 10
12 1 1 2 3 4 5 6 7 8 9 14 11 12 0 13 10
13 1 1 2 3 4 5 6 7 8 9 14 11 12 13 0 10
10 1 1 2 3 4 5 6 7 8 9 14 11 12 13 10 0
14 1 1 2 3 4 5 6 7 8 9 0 11 12 13 10 14
9 1 1 2 3 4 5 6 7 8 0 9 11 12 13 10 14
10 1 1 2 3 4 5 6 7 8 10 9 11 12 13 0 14
14 1 1 2 3 4 5 6 7 8 10 9 11 12 13 14 0
10 2 1 2 3 4 5 6 7 8 0 9 11 12 13 14 10
9 1 1 2 3 4 5 6 7 8 9 0 11 12 13 14 10
10 1 1 2 3 4 5 6 7 8 9 10 11 12 13 14 0
87 5.557256460189819