0 0 7 16 12 22 1 15 21 2 23 10 11 8 0 5 17 19 3 13 4 6 14 9 18 20
13 3 7 16 12 22 1 15 21 2 23 10 11 8 13 5 17 19 3 0 4 6 14 9 18 20
8 1 7 16 12 22 1 15 21 2 23 10 11 0 13 5 17 19 3 8 4 6 14 9 18 20
21 3 7 16 12 22 1 15 0 2 23 10 11 21 13 5 17 19 3 8 4 6 14 9 18 20
7 1 0 16 12 22 1 15 7 2 23 10 11 21 13 5 17 19 3 8 4 6 14 9 18 20
16 1 16 0 12 22 1 15 7 2 23 10 11 21 13 5 17 19 3 8 4 6 14 9 18 20
2 1 16 2 12 22 1 15 7 0 23 10 11 21 13 5 17 19 3 8 4 6 14 9 18 20
5 1 16 2 12 22 1 15 7 5 23 10 11 21 13 0 17 19 3 8 4 6 14 9 18 20
6 1 16 2 12 22 1 15 7 5 23 10 11 21 13 6 17 19 3 8 4 0 14 9 18 20
14 1 16 2 12 22 1 15 7 5 23 10 11 21 13 6 17 19 3 8 4 14 0 9 18 20
9 1 16 2 12 22 1 15 7 5 23 10 11 21 13 6 17 19 3 8 4 14 9 0 18 20
22 3 16 2 12 0 1 15 7 5 23 10 11 21 13 6 17 19 3 8 4 14 9 22 18 20
12 1 16 2 0 12 1 15 7 5 23 10 11 21 13 6 17 19 3 8 4 14 9 22 18 20
23 1 16 2 23 12 1 15 7 5 0 10 11 21 13 6 17 19 3 8 4 14 9 22 18 20
17 1 16 2 23 12 1 15 7 5 17 10 11 21 13 6 0 19 3 8 4 14 9 22 18 20
6 1 16 2 23 12 1 15 7 5 17 10 11 21 13 0 6 19 3 8 4 14 9 22 18 20
14 1 16 2 23 12 1 15 7 5 17 10 11 21 13 14 6 19 3 8 4 0 9 22 18 20
4 1 16 2 23 12 1 15 7 5 17 10 11 21 13 14 6 19 3 8 0 4 9 22 18 20
20 3 16 2 23 12 1 15 7 5 17 10 11 21 13 14 6 19 3 8 20 4 9 22 18 0
18 1 16 2 23 12 1 15 7 5 17 10 11 21 13 14 6 19 3 8 20 4 9 22 0 18
3 1 16 2 23 12 1 15 7 5 17 10 11 21 13 14 6 19 0 8 20 4 9 22 3 18
8 1 16 2 23 12 1 15 7 5 17 10 11 21 13 14 6 19 8 0 20 4 9 22 3 18
18 1 16 2 23 12 1 15 7 5 17 10 11 21 13 14 6 19 8 18 20 4 9 22 3 0
15 3 16 2 23 12 1 0 7 5 17 10 11 21 13 14 6 19 8 18 20 4 9 22 3 15
1 1 16 2 23 12 0 1 7 5 17 10 11 21 13 14 6 19 8 18 20 4 9 22 3 15
3 3 16 2 23 12 3 1 7 5 17 10 11 21 13 14 6 19 8 18 20 4 9 22 0 15
15 1 16 2 23 12 3 1 7 5 17 10 11 21 13 14 6 19 8 18 20 4 9 22 15 0
16 2 0 2 23 12 3 1 7 5 17 10 11 21 13 14 6 19 8 18 20 4 9 22 15 16
1 3 1 2 23 12 3 0 7 5 17 10 11 21 13 14 6 19 8 18 20 4 9 22 15 16
3 1 1 2 23 12 0 3 7 5 17 10 11 21 13 14 6 19 8 18 20 4 9 22 15 16
12 1 1 2 23 0 12 3 7 5 17 10 11 21 13 14 6 19 8 18 20 4 9 22 15 16
23 1 1 2 0 23 12 3 7 5 17 10 11 21 13 14 6 19 8 18 20 4 9 22 15 16
9 3 1 2 9 23 12 3 7 5 17 10 11 21 13 14 6 19 8 18 20 4 0 22 15 16
4 1 1 2 9 23 12 3 7 5 17 10 11 21 13 14 6 19 8 18 20 0 4 22 15 16
20 1 1 2 9 23 12 3 7 5 17 10 11 21 13 14 6 19 8 18 0 20 4 22 15 16
16 3 1 2 9 23 12 3 7 5 17 10 11 21 13 14 6 19 8 18 16 20 4 22 15 0
8 2 1 2 9 23 12 3 7 5 17 10 11 21 13 14 6 19 0 18 16 20 4 22 15 8
19 1 1 2 9 23 12 3 7 5 17 10 11 21 13 14 6 0 19 18 16 20 4 22 15 8
6 1 1 2 9 23 12 3 7 5 17 10 11 21 13 14 0 6 19 18 16 20 4 22 15 8
17 1 1 2 9 23 12 3 7 5 0 10 11 21 13 14 17 6 19 18 16 20 4 22 15 8
9 1 1 2 0 23 12 3 7 5 9 10 11 21 13 14 17 6 19 18 16 20 4 22 15 8
4 3 1 2 4 23 12 3 7 5 9 10 11 21 13 14 17 6 19 18 16 20 0 22 15 8
17 1 1 2 4 23 12 3 7 5 9 10 11 21 13 14 0 6 19 18 16 20 17 22 15 8
6 1 1 2 4 23 12 3 7 5 9 10 11 21 13 14 6 0 19 18 16 20 17 22 15 8
19 1 1 2 4 23 12 3 7 5 9 10 11 21 13 14 6 19 0 18 16 20 17 22 15 8
15 1 1 2 4 23 12 3 7 5 9 10 11 21 13 14 6 19 15 18 16 20 17 22 0 8
12 3 1 2 4 23 0 3 7 5 9 10 11 21 13 14 6 19 15 18 16 20 17 22 12 8
23 1 1 2 4 0 23 3 7 5 9 10 11 21 13 14 6 19 15 18 16 20 17 22 12 8
4 1 1 2 0 4 23 3 7 5 9 10 11 21 13 14 6 19 15 18 16 20 17 22 12 8
17 3 1 2 17 4 23 3 7 5 9 10 11 21 13 14 6 19 15 18 16 20 0 22 12 8
6 1 1 2 17 4 23 3 7 5 9 10 11 21 13 14 0 19 15 18 16 20 6 22 12 8
19 1 1 2 17 4 23 3 7 5 9 10 11 21 13 14 19 0 15 18 16 20 6 22 12 8
15 1 1 2 17 4 23 3 7 5 9 10 11 21 13 14 19 15 0 18 16 20 6 22 12 8
12 1 1 2 17 4 23 3 7 5 9 10 11 21 13 14 19 15 12 18 16 20 6 22 0 8
23 3 1 2 17 4 0 3 7 5 9 10 11 21 13 14 19 15 12 18 16 20 6 22 23 8
3 1 1 2 17 4 3 0 7 5 9 10 11 21 13 14 19 15 12 18 16 20 6 22 23 8
8 3 1 2 17 4 3 8 7 5 9 10 11 21 13 14 19 15 12 18 16 20 6 22 23 0
12 2 1 2 17 4 3 8 7 5 9 10 11 21 13 14 19 15 0 18 16 20 6 22 23 12
18 1 1 2 17 4 3 8 7 5 9 10 11 21 13 14 19 15 18 0 16 20 6 22 23 12
12 1 1 2 17 4 3 8 7 5 9 10 11 21 13 14 19 15 18 12 16 20 6 22 23 0
8 3 1 2 17 4 3 0 7 5 9 10 11 21 13 14 19 15 18 12 16 20 6 22 23 8
21 1 1 2 17 4 3 21 7 5 9 10 11 0 13 14 19 15 18 12 16 20 6 22 23 8
12 1 1 2 17 4 3 21 7 5 9 10 11 12 13 14 19 15 18 0 16 20 6 22 23 8
8 1 1 2 17 4 3 21 7 5 9 10 11 12 13 14 19 15 18 8 16 20 6 22 23 0
18 2 1 2 17 4 3 21 7 5 9 10 11 12 13 14 19 15 0 8 16 20 6 22 23 18
8 1 1 2 17 4 3 21 7 5 9 10 11 12 13 14 19 15 8 0 16 20 6 22 23 18
18 1 1 2 17 4 3 21 7 5 9 10 11 12 13 14 19 15 8 18 16 20 6 22 23 0
16 3 1 2 17 4 3 21 7 5 9 10 11 12 13 14 19 15 8 18 0 20 6 22 23 16
14 2 1 2 17 4 3 21 7 5 9 10 11 12 13 0 19 15 8 18 14 20 6 22 23 16
19 1 1 2 17 4 3 21 7 5 9 10 11 12 13 19 0 15 8 18 14 20 6 22 23 16
15 1 1 2 17 4 3 21 7 5 9 10 11 12 13 19 15 0 8 18 14 20 6 22 23 16
8 1 1 2 17 4 3 21 7 5 9 10 11 12 13 19 15 8 0 18 14 20 6 22 23 16
23 1 1 2 17 4 3 21 7 5 9 10 11 12 13 19 15 8 23 18 14 20 6 22 0 16
16 1 1 2 17 4 3 21 7 5 9 10 11 12 13 19 15 8 23 18 14 20 6 22 16 0
23 2 1 2 17 4 3 21 7 5 9 10 11 12 13 19 15 8 0 18 14 20 6 22 16 23
16 1 1 2 17 4 3 21 7 5 9 10 11 12 13 19 15 8 16 18 14 20 6 22 0 23
23 1 1 2 17 4 3 21 7 5 9 10 11 12 13 19 15 8 16 18 14 20 6 22 23 0
14 3 1 2 17 4 3 21 7 5 9 10 11 12 13 19 15 8 16 18 0 20 6 22 23 14
19 2 1 2 17 4 3 21 7 5 9 10 11 12 13 0 15 8 16 18 19 20 6 22 23 14
15 1 1 2 17 4 3 21 7 5 9 10 11 12 13 15 0 8 16 18 19 20 6 22 23 14
8 1 1 2 17 4 3 21 7 5 9 10 11 12 13 15 8 0 16 18 19 20 6 22 23 14
16 1 1 2 17 4 3 21 7 5 9 10 11 12 13 15 8 16 0 18 19 20 6 22 23 14
23 1 1 2 17 4 3 21 7 5 9 10 11 12 13 15 8 16 23 18 19 20 6 22 0 14
14 1 1 2 17 4 3 21 7 5 9 10 11 12 13 15 8 16 23 18 19 20 6 22 14 0
23 2 1 2 17 4 3 21 7 5 9 10 11 12 13 15 8 16 0 18 19 20 6 22 14 23
14 1 1 2 17 4 3 21 7 5 9 10 11 12 13 15 8 16 14 18 19 20 6 22 0 23
23 1 1 2 17 4 3 21 7 5 9 10 11 12 13 15 8 16 14 18 19 20 6 22 23 0
21 3 1 2 17 4 3 0 7 5 9 10 11 12 13 15 8 16 14 18 19 20 6 22 23 21
3 1 1 2 17 4 0 3 7 5 9 10 11 12 13 15 8 16 14 18 19 20 6 22 23 21
4 1 1 2 17 0 4 3 7 5 9 10 11 12 13 15 8 16 14 18 19 20 6 22 23 21
17 1 1 2 0 17 4 3 7 5 9 10 11 12 13 15 8 16 14 18 19 20 6 22 23 21
6 3 1 2 6 17 4 3 7 5 9 10 11 12 13 15 8 16 14 18 19 20 0 22 23 21
8 1 1 2 6 17 4 3 7 5 9 10 11 12 13 15 0 16 14 18 19 20 8 22 23 21
15 1 1 2 6 17 4 3 7 5 9 10 11 12 13 0 15 16 14 18 19 20 8 22 23 21
20 1 1 2 6 17 4 3 7 5 9 10 11 12 13 20 15 16 14 18 19 0 8 22 23 21
8 1 1 2 6 17 4 3 7 5 9 10 11 12 13 20 15 16 14 18 19 8 0 22 23 21
6 3 1 2 0 17 4 3 7 5 9 10 11 12 13 20 15 16 14 18 19 8 6 22 23 21
17 1 1 2 17 0 4 3 7 5 9 10 11 12 13 20 15 16 14 18 19 8 6 22 23 21
4 1 1 2 17 4 0 3 7 5 9 10 11 12 13 20 15 16 14 18 19 8 6 22 23 21
3 1 1 2 17 4 3 0 7 5 9 10 11 12 13 20 15 16 14 18 19 8 6 22 23 21
19 2 1 2 17 4 3 19 7 5 9 10 11 12 13 20 15 16 14 18 0 8 6 22 23 21
20 2 1 2 17 4 3 19 7 5 9 10 11 12 13 0 15 16 14 18 20 8 6 22 23 21
8 1 1 2 17 4 3 19 7 5 9 10 11 12 13 8 15 16 14 18 20 0 6 22 23 21
20 1 1 2 17 4 3 19 7 5 9 10 11 12 13 8 15 16 14 18 0 20 6 22 23 21
19 2 1 2 17 4 3 0 7 5 9 10 11 12 13 8 15 16 14 18 19 20 6 22 23 21
1 3 0 2 17 4 3 1 7 5 9 10 11 12 13 8 15 16 14 18 19 20 6 22 23 21
5 2 5 2 17 4 3 1 7 0 9 10 11 12 13 8 15 16 14 18 19 20 6 22 23 21
8 1 5 2 17 4 3 1 7 8 9 10 11 12 13 0 15 16 14 18 19 20 6 22 23 21
20 1 5 2 17 4 3 1 7 8 9 10 11 12 13 20 15 16 14 18 19 0 6 22 23 21
19 1 5 2 17 4 3 1 7 8 9 10 11 12 13 20 15 16 14 18 0 19 6 22 23 21
5 3 0 2 17 4 3 1 7 8 9 10 11 12 13 20 15 16 14 18 5 19 6 22 23 21
1 3 1 2 17 4 3 0 7 8 9 10 11 12 13 20 15 16 14 18 5 19 6 22 23 21
5 2 1 2 17 4 3 5 7 8 9 10 11 12 13 20 15 16 14 18 0 19 6 22 23 21
20 2 1 2 17 4 3 5 7 8 9 10 11 12 13 0 15 16 14 18 20 19 6 22 23 21
19 1 1 2 17 4 3 5 7 8 9 10 11 12 13 19 15 16 14 18 20 0 6 22 23 21
20 1 1 2 17 4 3 5 7 8 9 10 11 12 13 19 15 16 14 18 0 20 6 22 23 21
21 3 1 2 17 4 3 5 7 8 9 10 11 12 13 19 15 16 14 18 21 20 6 22 23 0
14 2 1 2 17 4 3 5 7 8 9 10 11 12 13 19 15 16 0 18 21 20 6 22 23 14
11 1 1 2 17 4 3 5 7 8 9 10 0 12 13 19 15 16 11 18 21 20 6 22 23 14
3 1 1 2 17 4 0 5 7 8 9 10 3 12 13 19 15 16 11 18 21 20 6 22 23 14
5 1 1 2 17 4 5 0 7 8 9 10 3 12 13 19 15 16 11 18 21 20 6 22 23 14
3 2 1 2 17 4 5 3 7 8 9 10 0 12 13 19 15 16 11 18 21 20 6 22 23 14
11 1 1 2 17 4 5 3 7 8 9 10 11 12 13 19 15 16 0 18 21 20 6 22 23 14
18 1 1 2 17 4 5 3 7 8 9 10 11 12 13 19 15 16 18 0 21 20 6 22 23 14
14 1 1 2 17 4 5 3 7 8 9 10 11 12 13 19 15 16 18 14 21 20 6 22 23 0
21 3 1 2 17 4 5 3 7 8 9 10 11 12 13 19 15 16 18 14 0 20 6 22 23 21
19 2 1 2 17 4 5 3 7 8 9 10 11 12 13 0 15 16 18 14 19 20 6 22 23 21
13 1 1 2 17 4 5 3 7 8 9 10 11 12 0 13 15 16 18 14 19 20 6 22 23 21
14 3 1 2 17 4 5 3 7 8 9 10 11 12 14 13 15 16 18 0 19 20 6 22 23 21
21 1 1 2 17 4 5 3 7 8 9 10 11 12 14 13 15 16 18 21 19 20 6 22 23 0
18 2 1 2 17 4 5 3 7 8 9 10 11 12 14 13 15 16 0 21 19 20 6 22 23 18
21 1 1 2 17 4 5 3 7 8 9 10 11 12 14 13 15 16 21 0 19 20 6 22 23 18
18 1 1 2 17 4 5 3 7 8 9 10 11 12 14 13 15 16 21 18 19 20 6 22 23 0
19 3 1 2 17 4 5 3 7 8 9 10 11 12 14 13 15 16 21 18 0 20 6 22 23 19
13 2 1 2 17 4 5 3 7 8 9 10 11 12 14 0 15 16 21 18 13 20 6 22 23 19
14 1 1 2 17 4 5 3 7 8 9 10 11 12 0 14 15 16 21 18 13 20 6 22 23 19
13 1 1 2 17 4 5 3 7 8 9 10 11 12 13 14 15 16 21 18 0 20 6 22 23 19
20 1 1 2 17 4 5 3 7 8 9 10 11 12 13 14 15 16 21 18 20 0 6 22 23 19
6 1 1 2 17 4 5 3 7 8 9 10 11 12 13 14 15 16 21 18 20 6 0 22 23 19
17 3 1 2 0 4 5 3 7 8 9 10 11 12 13 14 15 16 21 18 20 6 17 22 23 19
2 1 1 0 2 4 5 3 7 8 9 10 11 12 13 14 15 16 21 18 20 6 17 22 23 19
6 3 1 6 2 4 5 3 7 8 9 10 11 12 13 14 15 16 21 18 20 0 17 22 23 19
20 1 1 6 2 4 5 3 7 8 9 10 11 12 13 14 15 16 21 18 0 20 17 22 23 19
19 3 1 6 2 4 5 3 7 8 9 10 11 12 13 14 15 16 21 18 19 20 17 22 23 0
1 2 0 6 2 4 5 3 7 8 9 10 11 12 13 14 15 16 21 18 19 20 17 22 23 1
6 1 6 0 2 4 5 3 7 8 9 10 11 12 13 14 15 16 21 18 19 20 17 22 23 1
2 1 6 2 0 4 5 3 7 8 9 10 11 12 13 14 15 16 21 18 19 20 17 22 23 1
4 1 6 2 4 0 5 3 7 8 9 10 11 12 13 14 15 16 21 18 19 20 17 22 23 1
5 1 6 2 4 5 0 3 7 8 9 10 11 12 13 14 15 16 21 18 19 20 17 22 23 1
3 1 6 2 4 5 3 0 7 8 9 10 11 12 13 14 15 16 21 18 19 20 17 22 23 1
6 3 0 2 4 5 3 6 7 8 9 10 11 12 13 14 15 16 21 18 19 20 17 22 23 1
1 2 1 2 4 5 3 6 7 8 9 10 11 12 13 14 15 16 21 18 19 20 17 22 23 0
6 3 1 2 4 5 3 0 7 8 9 10 11 12 13 14 15 16 21 18 19 20 17 22 23 6
3 1 1 2 4 5 0 3 7 8 9 10 11 12 13 14 15 16 21 18 19 20 17 22 23 6
5 1 1 2 4 0 5 3 7 8 9 10 11 12 13 14 15 16 21 18 19 20 17 22 23 6
4 1 1 2 0 4 5 3 7 8 9 10 11 12 13 14 15 16 21 18 19 20 17 22 23 6
2 1 1 0 2 4 5 3 7 8 9 10 11 12 13 14 15 16 21 18 19 20 17 22 23 6
1 1 0 1 2 4 5 3 7 8 9 10 11 12 13 14 15 16 21 18 19 20 17 22 23 6
3 3 3 1 2 4 5 0 7 8 9 10 11 12 13 14 15 16 21 18 19 20 17 22 23 6
6 3 3 1 2 4 5 6 7 8 9 10 11 12 13 14 15 16 21 18 19 20 17 22 23 0
19 3 3 1 2 4 5 6 7 8 9 10 11 12 13 14 15 16 21 18 0 20 17 22 23 19
3 3 0 1 2 4 5 6 7 8 9 10 11 12 13 14 15 16 21 18 3 20 17 22 23 19
1 1 1 0 2 4 5 6 7 8 9 10 11 12 13 14 15 16 21 18 3 20 17 22 23 19
2 1 1 2 0 4 5 6 7 8 9 10 11 12 13 14 15 16 21 18 3 20 17 22 23 19
17 3 1 2 17 4 5 6 7 8 9 10 11 12 13 14 15 16 21 18 3 20 0 22 23 19
20 1 1 2 17 4 5 6 7 8 9 10 11 12 13 14 15 16 21 18 3 0 20 22 23 19
3 1 1 2 17 4 5 6 7 8 9 10 11 12 13 14 15 16 21 18 0 3 20 22 23 19
19 3 1 2 17 4 5 6 7 8 9 10 11 12 13 14 15 16 21 18 19 3 20 22 23 0
1 2 0 2 17 4 5 6 7 8 9 10 11 12 13 14 15 16 21 18 19 3 20 22 23 1
2 1 2 0 17 4 5 6 7 8 9 10 11 12 13 14 15 16 21 18 19 3 20 22 23 1
3 3 2 3 17 4 5 6 7 8 9 10 11 12 13 14 15 16 21 18 19 0 20 22 23 1
20 1 2 3 17 4 5 6 7 8 9 10 11 12 13 14 15 16 21 18 19 20 0 22 23 1
17 3 2 3 0 4 5 6 7 8 9 10 11 12 13 14 15 16 21 18 19 20 17 22 23 1
3 1 2 0 3 4 5 6 7 8 9 10 11 12 13 14 15 16 21 18 19 20 17 22 23 1
2 1 0 2 3 4 5 6 7 8 9 10 11 12 13 14 15 16 21 18 19 20 17 22 23 1
1 2 1 2 3 4 5 6 7 8 9 10 11 12 13 14 15 16 21 18 19 20 17 22 23 0
21 2 1 2 3 4 5 6 7 8 9 10 11 12 13 14 15 16 0 18 19 20 17 22 23 21
23 1 1 2 3 4 5 6 7 8 9 10 11 12 13 14 15 16 23 18 19 20 17 22 0 21
22 1 1 2 3 4 5 6 7 8 9 10 11 12 13 14 15 16 23 18 19 20 17 0 22 21
16 1 1 2 3 4 5 6 7 8 9 10 11 12 13 14 15 0 23 18 19 20 17 16 22 21
23 1 1 2 3 4 5 6 7 8 9 10 11 12 13 14 15 23 0 18 19 20 17 16 22 21
22 1 1 2 3 4 5 6 7 8 9 10 11 12 13 14 15 23 22 18 19 20 17 16 0 21
21 1 1 2 3 4 5 6 7 8 9 10 11 12 13 14 15 23 22 18 19 20 17 16 21 0
22 2 1 2 3 4 5 6 7 8 9 10 11 12 13 14 15 23 0 18 19 20 17 16 21 22
23 1 1 2 3 4 5 6 7 8 9 10 11 12 13 14 15 0 23 18 19 20 17 16 21 22
16 1 1 2 3 4 5 6 7 8 9 10 11 12 13 14 15 16 23 18 19 20 17 0 21 22
21 1 1 2 3 4 5 6 7 8 9 10 11 12 13 14 15 16 23 18 19 20 17 21 0 22
23 1 1 2 3 4 5 6 7 8 9 10 11 12 13 14 15 16 0 18 19 20 17 21 23 22
16 1 1 2 3 4 5 6 7 8 9 10 11 12 13 14 15 0 16 18 19 20 17 21 23 22
15 1 1 2 3 4 5 6 7 8 9 10 11 12 13 14 0 15 16 18 19 20 17 21 23 22
17 1 1 2 3 4 5 6 7 8 9 10 11 12 13 14 17 15 16 18 19 20 0 21 23 22
21 1 1 2 3 4 5 6 7 8 9 10 11 12 13 14 17 15 16 18 19 20 21 0 23 22
15 1 1 2 3 4 5 6 7 8 9 10 11 12 13 14 17 0 16 18 19 20 21 15 23 22
16 1 1 2 3 4 5 6 7 8 9 10 11 12 13 14 17 16 0 18 19 20 21 15 23 22
23 1 1 2 3 4 5 6 7 8 9 10 11 12 13 14 17 16 23 18 19 20 21 15 0 22
22 1 1 2 3 4 5 6 7 8 9 10 11 12 13 14 17 16 23 18 19 20 21 15 22 0
23 2 1 2 3 4 5 6 7 8 9 10 11 12 13 14 17 16 0 18 19 20 21 15 22 23
16 1 1 2 3 4 5 6 7 8 9 10 11 12 13 14 17 0 16 18 19 20 21 15 22 23
15 1 1 2 3 4 5 6 7 8 9 10 11 12 13 14 17 15 16 18 19 20 21 0 22 23
22 1 1 2 3 4 5 6 7 8 9 10 11 12 13 14 17 15 16 18 19 20 21 22 0 23
23 1 1 2 3 4 5 6 7 8 9 10 11 12 13 14 17 15 16 18 19 20 21 22 23 0
19 3 1 2 3 4 5 6 7 8 9 10 11 12 13 14 17 15 16 18 0 20 21 22 23 19
14 2 1 2 3 4 5 6 7 8 9 10 11 12 13 0 17 15 16 18 14 20 21 22 23 19
17 1 1 2 3 4 5 6 7 8 9 10 11 12 13 17 0 15 16 18 14 20 21 22 23 19
15 1 1 2 3 4 5 6 7 8 9 10 11 12 13 17 15 0 16 18 14 20 21 22 23 19
16 1 1 2 3 4 5 6 7 8 9 10 11 12 13 17 15 16 0 18 14 20 21 22 23 19
18 1 1 2 3 4 5 6 7 8 9 10 11 12 13 17 15 16 18 0 14 20 21 22 23 19
13 3 1 2 3 4 5 6 7 8 9 10 11 12 0 17 15 16 18 13 14 20 21 22 23 19
14 1 1 2 3 4 5 6 7 8 9 10 11 12 14 17 15 16 18 13 0 20 21 22 23 19
19 3 1 2 3 4 5 6 7 8 9 10 11 12 14 17 15 16 18 13 19 20 21 22 23 0
18 2 1 2 3 4 5 6 7 8 9 10 11 12 14 17 15 16 0 13 19 20 21 22 23 18
13 1 1 2 3 4 5 6 7 8 9 10 11 12 14 17 15 16 13 0 19 20 21 22 23 18
18 1 1 2 3 4 5 6 7 8 9 10 11 12 14 17 15 16 13 18 19 20 21 22 23 0
19 3 1 2 3 4 5 6 7 8 9 10 11 12 14 17 15 16 13 18 0 20 21 22 23 19
17 2 1 2 3 4 5 6 7 8 9 10 11 12 14 0 15 16 13 18 17 20 21 22 23 19
14 1 1 2 3 4 5 6 7 8 9 10 11 12 0 14 15 16 13 18 17 20 21 22 23 19
17 1 1 2 3 4 5 6 7 8 9 10 11 12 17 14 15 16 13 18 0 20 21 22 23 19
19 3 1 2 3 4 5 6 7 8 9 10 11 12 17 14 15 16 13 18 19 20 21 22 23 0
18 1 1 2 3 4 5 6 7 8 9 10 11 12 17 14 15 16 13 0 19 20 21 22 23 18
17 3 1 2 3 4 5 6 7 8 9 10 11 12 0 14 15 16 13 17 19 20 21 22 23 18
19 1 1 2 3 4 5 6 7 8 9 10 11 12 19 14 15 16 13 17 0 20 21 22 23 18
18 3 1 2 3 4 5 6 7 8 9 10 11 12 19 14 15 16 13 17 18 20 21 22 23 0
13 2 1 2 3 4 5 6 7 8 9 10 11 12 19 14 15 16 0 17 18 20 21 22 23 13
17 1 1 2 3 4 5 6 7 8 9 10 11 12 19 14 15 16 17 0 18 20 21 22 23 13
13 1 1 2 3 4 5 6 7 8 9 10 11 12 19 14 15 16 17 13 18 20 21 22 23 0
18 3 1 2 3 4 5 6 7 8 9 10 11 12 19 14 15 16 17 13 0 20 21 22 23 18
19 1 1 2 3 4 5 6 7 8 9 10 11 12 0 14 15 16 17 13 19 20 21 22 23 18
13 3 1 2 3 4 5 6 7 8 9 10 11 12 13 14 15 16 17 0 19 20 21 22 23 18
18 1 1 2 3 4 5 6 7 8 9 10 11 12 13 14 15 16 17 18 19 20 21 22 23 0
356 7.9428040981292725