0 0 0 7 6 4 2 3 1 0 5
7 0 7 7 6 4 2 3 1 5 0
8 0 8 7 6 0 2 3 1 4 5
8 0 8 7 6 4 2 3 0 1 5
7 0 7 7 0 4 2 3 6 1 5
7 0 7 0 7 4 2 3 6 1 5
6 0 6 5 7 4 2 3 6 1 0
7 0 7 7 4 0 2 3 6 1 5
7 0 7 3 7 4 2 0 6 1 5
5 0 5 3 7 4 2 5 6 1 0
6 0 6 3 7 4 0 5 6 1 2
5 0 5 3 7 0 4 5 6 1 2
5 0 5 3 7 1 4 5 6 0 2
4 0 4 3 7 1 4 5 6 2 0
5 0 5 3 0 7 4 5 6 1 2
5 0 5 0 7 1 4 5 6 2 3
5 0 5 3 7 0 4 5 6 2 1
5 0 5 0 3 7 4 5 6 1 2
4 0 4 2 3 7 4 5 6 1 0
5 0 5 7 0 1 4 5 6 2 3
5 0 5 3 7 2 4 5 6 0 1
4 0 4 3 7 2 4 5 6 1 0
5 0 5 3 0 7 4 5 6 2 1
5 0 5 2 3 7 4 5 6 0 1
4 0 4 2 3 0 4 5 6 7 1
3 0 3 2 0 3 4 5 6 7 1
2 0 2 0 2 3 4 5 6 7 1
